sij2019	municipality	share
101	91	1
102	91	1
103	91	1
104	91	1
105	91	1
111	91	1
112	91	1
113	91	1
114	91	1
115	91	1
116	91	1
117	91	1
118	91	1
131	91	1
132	91	1
133	91	1
141	91	1
142	91	1
143	91	1
151	91	1
152	91	1
153	91	1
154	91	1
161	91	1
162	91	1
171	91	1
172	91	1
173	91	1
174	91	1
175	91	1
181	91	1
182	91	1
183	91	1
191	91	1
192	91	1
193	91	1
194	91	1
195	91	1
196	91	1
197	91	1
201	91	1
202	91	1
203	91	1
211	91	1
212	91	1
213	91	1
214	91	1
215	91	1
221	91	1
222	91	1
223	91	1
224	91	1
225	91	1
231	91	1
232	91	1
233	91	1
234	91	1
235	91	1
236	91	1
241	91	1
242	91	1
243	91	1
244	91	1
251	91	1
252	91	1
253	91	1
254	91	1
255	91	1
260	91	1
271	91	1
272	91	1
281	91	1
282	91	1
291	91	1
292	91	1
293	91	1
294	91	1
301	91	1
302	91	1
303	91	1
304	91	1
305	91	1
306	91	1
307	91	1
308	91	1
321	91	1
322	91	1
323	91	1
331	91	1
332	91	1
333	91	1
341	91	1
342	91	1
343	91	1
344	91	1
345	91	1
346	91	1
351	91	1
352	91	1
353	91	1
354	91	1
355	91	1
356	91	1
361	91	1
362	91	1
363	91	1
364	91	1
365	91	1
366	91	1
367	91	1
368	91	1
369	91	1
381	91	1
382	91	1
383	91	1
384	91	1
385	91	1
386	91	1
1001	91	1
1002	91	1
1003	91	1
1004	91	1
1005	91	1
1011	91	1
1012	91	1
1013	91	1
1014	91	1
1021	91	1
1022	91	1
1023	91	1
1024	91	1
1025	91	1
1026	91	1
1027	91	1
1031	91	1
1032	91	1
1033	91	1
1034	91	1
1035	91	1
1041	91	1
1042	91	1
1043	91	1
1044	91	1
1045	91	1
1046	91	1
1047	91	1
1051	91	1
1052	91	1
1053	91	1
1054	91	1
1055	91	1
1056	91	1
1061	91	1
1062	91	1
1063	91	1
1064	91	1
1065	91	1
1066	91	1
1067	91	1
1068	91	1
1069	91	1
1071	91	1
1081	91	1
1082	91	1
1083	91	1
1084	91	1
1085	91	1
1091	91	1
1092	91	1
1093	91	1
1094	91	1
1101	91	1
1102	91	1
1103	91	1
1104	91	1
1111	91	1
1112	91	1
1113	91	1
1114	91	1
1115	91	1
1116	91	1
1121	91	1
1122	91	1
1123	91	1
1124	91	1
1125	91	1
1126	91	1
1127	91	1
1128	91	1
1141	91	1
1142	91	1
1143	91	1
1144	91	1
1145	91	1
1146	91	1
1147	91	1
1148	91	1
1149	91	1
1151	91	1
1161	91	1
1162	91	1
1163	91	1
1164	91	1
1171	91	1
1172	91	1
1173	91	1
1174	91	1
1175	91	1
1181	91	1
1182	91	1
1183	91	1
1184	91	1
1185	91	1
1191	91	1
1192	91	1
1193	91	1
1201	91	1
1202	91	1
1203	91	1
1204	91	1
1205	91	1
1206	91	1
1211	91	1
1212	91	1
1213	91	1
1214	91	1
1215	91	1
1221	91	1
1222	91	1
1223	91	1
1224	91	1
1225	91	1
1226	91	1
1227	91	1
1228	91	1
1241	91	1
1242	91	1
1243	91	1
1244	91	1
1245	91	1
1246	91	1
1247	91	1
1248	91	1
1261	91	1
1262	91	1
1263	91	1
1271	91	1
1272	91	1
1273	91	1
1274	91	1
1275	91	1
1281	91	1
1282	91	1
1283	91	1
1284	91	1
1285	91	1
1286	91	1
1287	91	1
1291	91	1
1292	91	1
1293	91	1
1294	91	1
1301	91	1
1302	91	1
1303	91	1
1304	91	1
1311	91	1
1312	91	1
1313	91	1
1314	91	1
1321	91	1
1322	91	1
1331	91	1
1332	91	1
1333	91	1
1334	91	1
1335	91	1
1336	91	1
1337	91	1
1340	91	1
1351	91	1
1352	91	1
1353	91	1
1354	91	1
1355	91	1
1356	91	1
1357	91	1
1358	91	1
1371	91	1
1372	91	1
1373	91	1
1374	91	1
1375	91	1
1381	91	1
1382	91	1
1383	91	1
1384	91	1
1391	91	1
1392	91	1
1393	91	1
1394	91	1
1401	91	1
1402	91	1
1403	91	1
1404	91	1
1405	91	1
1411	91	1
1412	91	1
1421	91	1
1422	91	1
1423	91	1
1424	91	1
1431	91	1
1432	91	1
1433	91	1
1434	91	1
1435	91	1
1436	91	1
1441	91	1
1442	91	1
1443	91	1
1444	91	1
1445	91	1
1451	91	1
1452	91	1
1453	91	1
1454	91	1
1455	91	1
1461	91	1
1462	91	1
1463	91	1
1464	91	1
1465	91	1
1471	91	1
1472	91	1
1473	91	1
1474	91	1
1475	91	1
1476	91	1
1477	91	1
1478	91	1
1491	91	1
1492	91	1
1493	91	1
1494	91	1
1495	91	1
1496	91	1
1497	91	1
1498	91	1
1499	91	1
1511	91	1
1512	91	1
1513	91	1
1514	91	1
1515	91	1
1516	91	1
1520	91	1
1531	91	1
1532	91	1
1541	91	1
1542	91	1
1543	91	1
1544	91	1
1545	91	1
1546	91	1
1547	91	1
1548	91	1
1561	91	1
1562	91	1
1563	91	1
1564	91	1
1565	91	1
1570	91	1
1581	91	1
1582	91	1
1591	91	1
1592	91	1
1593	91	1
1601	91	1
1602	91	1
1603	91	1
2001	49	1
2002	49	1
2011	49	1
2012	49	1
2021	49	1
2022	49	1
2031	49	1
2032	49	1
2041	49	1
2042	49	1
2043	49	1
2051	49	1
2052	49	1
2061	49	1
2062	49	1
2071	49	1
2072	49	1
2081	49	1
2082	49	1
2083	49	1
2090	49	1
2100	49	1
2110	49	1
2120	49	1
2131	49	1
2132	49	1
2141	49	1
2142	49	1
2143	49	1
2151	49	1
2152	49	1
2153	49	1
2161	49	1
2162	49	1
2163	49	1
2171	49	1
2172	49	1
2181	49	1
2182	49	1
2191	49	1
2192	49	1
2201	49	1
2202	49	1
2203	49	1
2211	49	1
2212	49	1
2220	49	1
2231	49	1
2232	49	1
2233	49	1
2241	49	1
2242	49	1
2243	49	1
2251	49	1
2252	49	1
2253	49	1
2261	49	1
2262	49	1
2263	49	1
2264	49	1
2265	49	1
2271	49	1
2272	49	1
2273	49	1
2274	49	1
2281	49	1
2282	49	1
2291	49	1
2292	49	1
2301	49	1
2302	49	1
2311	49	1
2312	49	1
2321	49	1
2322	49	1
2323	49	1
2330	49	1
2340	49	1
2350	49	1
2361	49	1
2362	49	1
2370	49	1
2381	49	1
2382	49	1
2391	49	1
2392	49	1
2393	49	1
2401	49	1
2402	49	1
2403	49	1
2411	49	1
2412	49	1
2413	49	1
2414	49	1
2421	49	1
2422	49	1
2431	49	1
2432	49	1
2441	49	1
2442	49	1
2443	49	1
2451	49	1
2452	49	1
2461	49	1
2462	49	1
2463	49	1
2471	49	1
2472	49	1
2473	49	1
2474	49	1
2481	49	1
2482	49	1
2483	49	1
2490	49	1
2501	49	1
2502	49	1
2511	49	1
2512	49	1
2513	49	1
2521	49	1
2522	49	1
2523	49	1
2531	49	1
2532	49	1
2540	49	1
2551	49	1
2552	49	1
2561	49	1
2562	49	1
2563	49	1
2571	49	1
2572	49	1
2580	49	1
2591	49	1
2592	49	1
2601	49	1
2602	49	1
2611	49	1
2612	49	1
2613	49	1
2614	49	1
2615	49	1
2616	49	1
2621	49	1
2622	49	1
2631	49	1
2632	49	1
2633	49	1
2634	49	1
2635	49	1
2641	49	1
2642	49	1
2643	49	1
2651	49	1
2652	49	1
2661	49	1
2662	49	1
2670	49	1
2681	49	1
2682	49	1
2683	49	1
2691	49	1
2692	49	1
2693	49	1
2694	49	1
2695	49	1
2701	49	1
2702	49	1
2703	49	1
2711	49	1
2712	49	1
2713	49	1
2714	49	1
2715	49	1
2721	49	1
2722	49	1
2723	49	1
2724	49	1
2725	49	1
2731	49	1
2732	49	1
2733	49	1
2734	49	1
2735	49	1
2741	49	1
2742	49	1
2751	49	1
2752	49	1
2753	49	1
2761	49	1
2762	49	1
2763	49	1
2764	49	1
2765	49	1
2770	49	1
2781	49	1
2782	49	1
2783	49	1
2784	49	1
2785	49	1
2791	49	1
2792	49	1
2801	49	1
2802	49	1
2803	49	1
2804	49	1
2805	49	1
2806	49	1
2807	49	1
2808	49	1
2809	49	1
2821	49	1
2822	49	1
2830	49	1
2841	49	1
2842	49	1
2843	49	1
2851	49	1
2852	49	1
2853	49	1
2861	49	1
2862	49	1
2863	49	1
2864	49	1
2865	49	1
2871	49	1
2872	49	1
2881	49	1
2882	49	1
2883	49	1
2884	49	1
2891	49	1
2892	49	1
2893	49	1
2894	49	1
2895	49	1
2901	49	1
2902	49	1
2903	49	1
2904	49	1
2905	49	1
2911	49	1
2912	49	1
2913	49	1
2914	49	1
2915	49	1
2921	49	1
2922	49	1
2923	49	1
2924	49	1
2931	49	1
2932	49	1
2933	49	1
3500	235	1
3510	235	1
3521	235	1
3522	235	1
3523	235	1
3524	235	1
3525	235	1
3531	235	1
3532	235	1
4001	92	1
4002	92	1
4010	92	1
4021	92	1
4022	92	1
4031	92	1
4032	92	1
4033	92	1
4034	92	1
4041	92	1
4042	92	1
4050	92	1
4061	92	1
4062	92	1
4071	92	1
4072	92	1
4073	92	1
4074	92	1
4075	92	1
4076	92	1
4077	92	1
4078	92	1
4079	92	1
4081	92	1
4082	92	1
4083	92	1
4084	92	1
4091	92	1
4092	92	1
4093	92	1
4094	92	1
4095	92	1
4096	92	1
4101	92	1
4102	92	1
4103	92	1
4104	92	1
4105	92	1
4111	92	1
4112	92	1
4120	92	1
4131	92	1
4132	92	1
4140	92	1
4150	92	1
4160	92	1
4170	92	1
4181	92	1
4182	92	1
4190	92	1
4200	92	1
4211	92	1
4212	92	1
4213	92	1
4214	92	1
4220	92	1
4231	92	1
4232	92	1
4233	92	1
4241	92	1
4242	92	1
4250	92	1
4260	92	1
4270	92	1
4281	92	1
4282	92	1
4283	92	1
4284	92	1
4285	92	1
4291	92	1
4292	92	1
4301	92	1
4302	92	1
4303	92	1
4311	92	1
4312	92	1
4321	92	1
4322	92	1
4323	92	1
4324	92	1
4325	92	1
4331	92	1
4332	92	1
4333	92	1
4334	92	1
4341	92	1
4342	92	1
4343	92	1
4344	92	1
4345	92	1
4346	92	1
4347	92	1
4351	92	1
4352	92	1
4353	92	1
4354	92	1
4355	92	1
4356	92	1
4357	92	1
4358	92	1
4359	92	1
4361	92	1
4371	92	1
4372	92	1
4373	92	1
4381	92	1
4382	92	1
4383	92	1
4391	92	1
4392	92	1
4393	92	1
4394	92	1
4401	92	1
4402	92	1
4403	92	1
4404	92	1
4405	92	1
4406	92	1
4407	92	1
4408	92	1
4409	92	1
4421	92	1
4422	92	1
4423	92	1
4424	92	1
4425	92	1
4426	92	1
4427	92	1
4428	92	1
4429	92	1
4431	92	1
4432	92	1
4433	92	1
4434	92	1
4441	92	1
4442	92	1
4443	92	1
4444	92	1
4445	92	1
4446	92	1
4450	92	1
4461	92	1
4462	92	1
4463	92	1
4471	92	1
4472	92	1
4473	92	1
4474	92	1
4481	92	1
4482	92	1
4483	92	1
4484	92	1
4485	92	1
4486	92	1
4487	92	1
4491	92	1
4492	92	1
4493	92	1
4494	92	1
4495	92	1
4496	92	1
4497	92	1
4498	92	1
4499	92	1
4511	92	1
4512	92	1
4513	92	1
4514	92	1
4515	92	1
4521	92	1
4522	92	1
4523	92	1
4531	92	1
4532	92	1
4533	92	1
4534	92	1
4535	92	1
4541	92	1
4542	92	1
4543	92	1
4551	92	1
4552	92	1
4561	92	1
4562	92	1
4571	92	1
4572	92	1
4573	92	1
4574	92	1
4575	92	1
4581	92	1
4582	92	1
4583	92	1
4584	92	1
4591	92	1
4592	92	1
4593	92	1
4594	92	1
4595	92	1
4601	92	1
4602	92	1
4603	92	1
4604	92	1
4611	92	1
4612	92	1
4621	92	1
4622	92	1
4623	92	1
4630	92	1
4641	92	1
4642	92	1
4651	92	1
4652	92	1
4661	92	1
4662	92	1
4663	92	1
4664	92	1
4671	92	1
4672	92	1
4673	92	1
4680	92	1
4690	92	1
4700	92	1
4711	92	1
4712	92	1
4713	92	1
4720	92	1
4731	92	1
4732	92	1
4740	92	1
4751	92	1
4752	92	1
4753	92	1
4761	92	1
4762	92	1
4771	92	1
4772	92	1
4781	92	1
4782	92	1
4790	92	1
4801	92	1
4802	92	1
4810	92	1
4820	92	1
4831	92	1
4832	92	1
4833	92	1
4841	92	1
4842	92	1
4843	92	1
4844	92	1
4845	92	1
4846	92	1
4847	92	1
4848	92	1
4849	92	1
4861	92	1
4862	92	1
4870	92	1
6000	257	1
6010	257	1
6021	257	1
6022	257	1
6023	257	1
6024	257	1
6025	257	1
6026	257	1
6030	257	1
6040	257	1
6050	257	1
6061	257	1
6062	257	1
6063	257	1
6064	257	1
6071	257	1
6072	257	1
6073	257	1
6081	257	1
6082	257	1
6090	257	1
6100	257	1
6111	257	1
6112	257	1
6121	257	1
6122	257	1
6131	257	1
6132	257	1
6141	257	1
6142	257	1
6143	257	1
6151	257	1
6152	257	1
6160	257	1
6170	257	1
6180	257	1
6190	257	1
6201	257	1
6202	257	1
6203	257	1
6211	257	1
6212	257	1
6213	257	1
6221	257	1
6222	257	1
6223	257	1
6224	257	1
6225	257	1
6231	257	1
6232	257	1
6241	257	1
6242	257	1
6243	257	1
6251	257	1
6252	257	1
6261	257	1
6262	257	1
6263	257	1
6271	257	1
6272	257	1
6273	257	1
6274	257	1
6275	257	1
6281	257	1
6282	257	1
6291	257	1
6292	257	1
6293	257	1
7001	927	1
7002	927	1
7011	927	1
7012	927	1
7020	927	1
7031	927	1
7032	927	1
7040	927	1
7050	927	1
7060	927	1
7070	927	1
7080	927	1
7091	927	1
7092	927	1
7093	927	1
7094	927	1
7101	927	1
7102	927	1
7110	927	1
7120	927	1
7131	927	1
7132	927	1
7140	927	1
7150	927	1
7160	927	1
7170	927	1
7180	927	1
7191	927	1
7192	927	1
7193	927	1
7200	927	1
7211	927	1
7212	927	1
7213	927	1
7221	927	1
7222	927	1
7231	927	1
7232	927	1
7233	927	1
7234	927	1
7241	927	1
7242	927	1
7250	927	1
7261	927	1
7262	927	1
7263	927	1
7270	927	1
7281	927	1
7282	927	1
7283	927	1
7290	927	1
7301	927	1
7302	927	1
7310	927	1
7320	927	1
7331	927	1
7332	927	1
7333	927	1
7341	927	1
7342	927	1
7351	927	1
7352	927	1
7361	927	1
7362	927	1
7371	927	1
7372	927	1
7381	927	1
7382	927	1
7383	927	1
7391	927	1
7392	927	1
7393	927	1
7394	927	1
7395	927	1
7396	927	1
7400	927	1
7410	927	1
7420	927	1
7431	927	1
7432	927	1
7441	927	1
7442	927	1
7451	927	1
7452	927	1
7453	927	1
7460	927	1
7471	927	1
7472	927	1
7473	927	1
7480	927	1
7490	927	1
8001	543	1
8002	543	1
8003	543	1
8011	543	1
8012	543	1
8013	543	1
8014	543	1
8021	543	1
8022	543	1
8031	543	1
8032	543	1
8041	543	1
8042	543	1
8043	543	1
8051	543	1
8052	543	1
8053	543	1
8054	543	1
8055	543	1
8056	543	1
8057	543	1
8058	543	1
8059	543	1
8061	543	1
8070	543	1
8081	543	1
8082	543	1
8091	543	1
8092	543	1
8100	543	1
8111	543	1
8112	543	1
8121	543	1
8122	543	1
8123	543	1
8124	543	1
8125	543	1
8126	543	1
8127	543	1
8128	543	1
8141	543	1
8142	543	1
8150	543	1
8161	543	1
8162	543	1
8171	543	1
8172	543	1
8173	543	1
8174	543	1
8181	543	1
8182	543	1
8191	543	1
8192	543	1
8200	543	1
8211	543	1
8212	543	1
8213	543	1
8214	543	1
8215	543	1
8216	543	1
8217	543	1
8218	543	1
8230	543	1
8241	543	1
8242	543	1
8251	543	1
8252	543	1
8253	543	1
8261	543	1
8262	543	1
8271	543	1
8272	543	1
8273	543	1
8274	543	1
8281	543	1
8282	543	1
8283	543	1
8291	543	1
8292	543	1
8293	543	1
8301	543	1
8302	543	1
8303	543	1
8304	543	1
8305	543	1
8306	543	1
8311	543	1
8312	543	1
8313	543	1
8314	543	1
8315	543	1
8321	543	1
8322	543	1
8323	543	1
8330	543	1
8341	543	1
8342	543	1
8343	543	1
8344	543	1
8351	543	1
8352	543	1
8353	543	1
8354	543	1
8355	543	1
8361	543	1
8362	543	1
8371	543	1
8372	543	1
8373	543	1
8374	543	1
8375	543	1
8381	543	1
8382	543	1
8391	543	1
8392	543	1
8393	543	1
8400	543	1
8410	543	1
8421	543	1
8422	543	1
8423	543	1
8424	543	1
8431	543	1
8432	543	1
8433	543	1
8434	543	1
8441	543	1
8442	543	1
8443	543	1
8444	543	1
8451	543	1
8452	543	1
8453	543	1
8460	543	1
8471	543	1
8472	543	1
8481	543	1
8482	543	1
8483	543	1
8491	543	1
8492	543	1
8493	543	1
8494	543	1
8495	543	1
9001	858	1
9002	858	1
9003	858	1
9004	858	1
9005	858	1
9006	858	1
9007	858	1
9008	858	1
9021	858	1
9022	858	1
9031	858	1
9032	858	1
9041	858	1
9042	858	1
9050	858	1
9061	858	1
9062	858	1
9071	858	1
9072	858	1
9073	858	1
9081	858	1
9082	858	1
9083	858	1
9084	858	1
9085	858	1
9086	858	1
9087	858	1
9088	858	1
9089	858	1
9101	858	1
9102	858	1
9110	858	1
9121	858	1
9122	858	1
9123	858	1
9131	858	1
9132	858	1
9141	858	1
9142	858	1
9150	858	1
9161	858	1
9162	858	1
9170	858	1
9181	858	1
9182	858	1
9191	858	1
9192	858	1
9201	858	1
9202	858	1
9203	858	1
9204	858	1
9211	858	1
9212	858	1
9220	858	1
9231	858	1
9232	858	1
9233	858	1
9240	858	1
9250	858	1
9261	858	1
9262	858	1
9271	858	1
9272	858	1
9273	858	1
9274	858	1
9281	858	1
9282	858	1
9283	858	1
9291	858	1
9292	858	1
9301	858	1
9302	858	1
9303	858	1
9304	858	1
9305	858	1
9306	858	1
9311	858	1
9312	858	1
9321	858	1
9322	858	1
9331	858	1
9332	858	1
9341	858	1
9342	858	1
9343	858	1
9351	858	1
9352	858	1
9360	858	1
9370	858	1
9381	858	1
9382	858	1
9391	858	1
9392	858	1
9393	858	1
9400	858	1
9411	858	1
9412	858	1
9421	858	1
9422	858	1
9431	858	1
9432	858	1
9433	858	1
9440	858	1
9451	858	1
9452	858	1
9460	858	1
9470	858	1
9481	858	1
9482	858	1
9490	858	1
9501	858	1
9502	858	1
10001	245	1
10002	245	1
10003	245	1
10004	245	1
10005	245	1
10006	245	1
10011	245	1
10012	245	1
10013	245	1
10021	245	1
10022	245	1
10030	245	1
10040	245	1
10050	245	1
10061	245	1
10062	245	1
10063	245	1
10071	245	1
10072	245	1
10073	245	1
10074	245	1
10081	245	1
10082	245	1
10083	245	1
10084	245	1
10091	245	1
10092	245	1
10101	245	1
10102	245	1
10111	245	1
10112	245	1
10113	245	1
10121	245	1
10122	245	1
10123	245	1
10131	245	1
10132	245	1
10133	245	1
10134	245	1
10141	245	1
10142	245	1
10143	245	1
10144	245	1
10151	245	1
10152	245	1
10161	245	1
10162	245	1
10163	245	1
10170	245	1
10180	245	1
10191	245	1
10192	245	1
10201	245	1
10202	245	1
10203	245	1
10204	245	1
10205	245	1
10206	245	1
11001	186	1
11002	186	1
11003	186	1
11004	186	1
11011	186	1
11012	186	1
11013	186	1
11014	186	1
11015	186	1
11016	186	1
11021	186	1
11022	186	1
11023	186	1
11024	186	1
11031	186	1
11032	186	1
11041	186	1
11042	186	1
11043	186	1
11044	186	1
11045	186	1
11051	186	1
11052	186	1
11053	186	1
11054	186	1
11060	186	1
11070	186	1
11081	186	1
11082	186	1
11091	186	1
11092	186	1
11093	186	1
11094	186	1
11100	186	1
11111	186	1
11112	186	1
11113	186	1
11121	186	1
11122	186	1
11123	186	1
11130	186	1
11140	186	1
11150	186	1
11161	186	1
11162	186	1
11170	186	1
11181	186	1
11182	186	1
11190	186	1
11200	186	1
11210	186	1
11220	186	1
11231	186	1
11232	186	1
11233	186	1
11241	186	1
11242	186	1
11251	186	1
11252	186	1
11253	186	1
11260	186	1
11270	186	1
11280	186	1
12000	753	1
12011	753	1
12012	753	1
12013	753	1
12014	753	1
12015	753	1
12016	753	1
12021	753	1
12022	753	1
12023	753	1
12030	753	1
12040	753	1
12051	753	1
12052	753	1
12053	753	1
12054	753	1
12055	753	1
12056	753	1
12061	753	1
12062	753	1
12063	753	1
12071	753	1
12072	753	1
12073	753	1
12080	753	1
12090	753	1
12101	753	1
12102	753	1
12111	753	1
12112	753	1
12113	753	1
12114	753	1
12121	753	1
12122	753	1
12123	753	1
12131	753	1
12132	753	1
12141	753	1
12142	753	1
12143	753	1
12144	753	1
12145	753	1
12146	753	1
12147	753	1
12151	753	1
12152	753	1
12153	753	1
12154	753	1
12155	753	1
12156	753	1
12157	753	1
12161	753	1
12162	753	1
12171	753	1
12172	753	1
12180	753	1
12191	753	1
12192	753	1
12193	753	1
12194	753	1
12201	753	1
12202	753	1
12203	753	1
12211	753	1
12212	753	1
12221	753	1
12222	753	1
12223	753	1
12231	753	1
12232	753	1
12241	753	1
12242	753	1
12251	753	1
12252	753	1
12253	753	1
12261	753	1
12262	753	1
12263	753	1
12271	753	1
12272	753	1
12281	753	1
12282	753	1
12291	753	1
12292	753	1
12293	753	1
12294	753	1
12301	753	1
12302	753	1
12311	753	1
12312	753	1
12321	753	1
12322	753	1
12331	753	1
12332	753	1
12333	753	1
12341	753	1
12342	753	1
12351	753	1
12352	753	1
12360	753	1
12371	753	1
12372	753	1
12373	753	1
12374	753	1
12375	753	1
12376	753	1
12377	753	1
12381	753	1
12382	753	1
12391	753	1
12392	753	1
13001	505	1
13002	505	1
13003	505	1
13011	505	1
13012	505	1
13013	505	1
13014	505	1
13021	505	1
13022	505	1
13023	505	1
13031	505	1
13032	505	1
13033	505	1
13034	505	1
13041	505	1
13042	505	1
13043	505	1
13051	505	1
13052	505	1
13060	505	1
13070	505	1
13081	505	1
13082	505	1
13090	505	1
13100	505	1
13110	505	1
13120	505	1
13130	505	1
13140	505	1
13150	505	1
13160	505	1
13171	505	1
13172	505	1
13181	505	1
13182	505	1
13183	505	1
13184	505	1
13185	505	1
13191	505	1
13192	505	1
13201	505	1
13202	505	1
13211	505	1
13212	505	1
13221	505	1
13222	505	1
13223	505	1
13231	505	1
13232	505	1
13233	505	1
13240	505	1
13251	505	1
13252	505	1
13260	505	1
13270	505	1
13281	505	1
13282	505	1
13283	505	1
13290	505	1
13301	505	1
13302	505	1
13303	505	1
13310	505	1
13320	505	1
13330	505	1
13341	505	1
13342	505	1
13350	505	1
14001	106	1
14002	106	1
14003	106	1
14004	106	1
14011	106	1
14012	106	1
14013	106	1
14014	106	1
14015	106	1
14021	106	1
14022	106	1
14023	106	1
14024	106	1
14025	106	1
14026	106	1
14027	106	1
14031	106	1
14032	106	1
14033	106	1
14034	106	1
14041	106	1
14042	106	1
14043	106	1
14044	106	1
14050	106	1
14061	106	1
14062	106	1
14071	106	1
14072	106	1
14073	106	1
14074	106	1
14075	106	1
14076	106	1
14077	106	1
14081	106	1
14082	106	1
14083	106	1
14084	106	1
14085	106	1
14091	106	1
14092	106	1
14093	106	1
14094	106	1
14095	106	1
14101	106	1
14102	106	1
14103	106	1
14104	106	1
14111	106	1
14112	106	1
14113	106	1
14114	106	1
14121	106	1
14122	106	1
14123	106	1
14124	106	1
14125	106	1
14131	106	1
14132	106	1
14133	106	1
14141	106	1
14142	106	1
14151	106	1
14152	106	1
14153	106	1
14160	106	1
14170	106	1
14181	106	1
14182	106	1
14183	106	1
14191	106	1
14192	106	1
14201	106	1
14202	106	1
14210	106	1
14220	106	1
14231	106	1
14232	106	1
14240	106	1
14251	106	1
14252	106	1
14260	106	1
14270	106	1
14281	106	1
14282	106	1
14290	106	1
14301	106	1
14302	106	1
14303	106	1
14304	106	1
14305	106	1
14311	106	1
14312	106	1
14313	106	1
14321	106	1
14322	106	1
14323	106	1
14324	106	1
14331	106	1
14332	106	1
14333	106	1
14334	106	1
14335	106	1
14336	106	1
14341	106	1
14342	106	1
14351	106	1
14352	106	1
14360	106	1
14371	106	1
14372	106	1
14373	106	1
14381	106	1
14382	106	1
14391	106	1
14392	106	1
14393	106	1
14394	106	1
14395	106	1
14401	106	1
14402	106	1
14403	106	1
14404	106	1
14405	106	1
14410	106	1
14421	106	1
14422	106	1
15000	611	1
15010	611	1
15020	611	1
15030	611	1
15040	611	1
15050	611	1
15060	611	1
15070	611	1
15080	611	1
15090	611	1
15501	755	1
15502	755	1
15503	755	1
15504	755	1
15510	755	1
15521	755	1
15522	755	1
15523	755	1
16000	734	1
16001	734	1
16002	734	1
16003	734	1
16004	734	1
16005	734	1
16006	734	1
16007	734	1
16008	734	1
16009	734	1
16010	734	1
16011	734	1
16012	734	1
16013	734	1
16014	734	1
16015	734	1
16016	734	1
16500	761	1
16501	761	1
16502	761	1
17000	710	1
17011	710	1
17012	710	1
17013	710	1
17014	710	1
17015	710	1
17016	710	1
17021	710	1
17022	710	1
17023	710	1
17024	710	1
17025	710	1
17026	710	1
17027	710	1
17028	710	1
17040	710	1
17051	710	1
17052	710	1
17053	710	1
17054	710	1
17055	710	1
17501	78	1
17502	78	1
17503	78	1
17504	78	1
17505	78	1
17506	78	1
17507	78	1
17508	78	1
18001	149	1
18002	149	1
18003	149	1
18004	149	1
18010	149	1
18021	149	1
18022	149	1
18023	149	1
18501	224	1
18502	224	1
18503	224	1
18504	224	1
18505	224	1
18506	224	1
18507	224	1
18508	224	1
18509	224	1
18511	224	1
18512	224	1
19001	444	1
19002	444	1
19003	444	1
19004	444	1
19005	444	1
19006	444	1
19011	444	1
19012	444	1
19013	444	1
19014	444	1
19021	444	1
19022	444	1
19023	444	1
19024	444	1
19025	444	1
19031	444	1
19032	444	1
19033	444	1
19034	444	1
19035	444	1
19036	444	1
19041	444	1
19042	444	1
19043	444	1
19044	444	1
19045	444	1
19046	444	1
19047	444	1
19051	444	1
19052	444	1
19053	444	1
19054	444	1
19055	444	1
19061	444	1
19062	444	1
19071	444	1
19072	444	1
19073	444	1
19074	444	1
19075	444	1
19081	444	1
19082	444	1
19083	444	1
19084	444	1
19085	444	1
19086	444	1
19087	444	1
19088	444	1
19089	444	1
19091	444	1
19092	444	1
19093	444	1
19094	444	1
19095	444	1
19096	444	1
20000	109	1
20001	109	1
20002	109	1
20003	109	1
20004	109	1
20005	109	1
20006	109	1
20007	109	1
20008	109	1
20009	109	1
20010	109	1
21000	165	1
21001	165	1
21002	165	1
21500	165	1
21501	165	1
22001	61	1
22002	61	1
22003	61	1
22004	61	1
22500	61	1
22501	61	1
23001	694	1
23002	694	1
23011	694	1
23012	694	1
23013	694	1
23014	694	1
23015	694	1
23016	694	1
23017	694	1
23018	694	1
24001	86	1
24002	86	1
24003	86	1
24004	86	1
24500	86	1
24501	86	1
25000	98	1
25001	98	1
25002	98	1
25003	98	1
25500	98	1
25501	98	1
25502	98	1
25503	98	1
25504	98	1
26000	398	1
26001	398	1
26002	398	1
26003	398	1
26004	398	1
26005	398	1
26006	398	1
26007	398	1
26008	398	1
26009	398	1
27000	638	1
27011	638	1
27012	638	1
27020	638	1
27031	638	1
27032	638	1
27033	638	1
27041	638	1
27042	638	1
27043	638	1
27044	638	1
27045	638	1
27046	638	1
27047	638	1
27051	638	1
27052	638	1
27053	638	1
27054	638	1
27060	638	1
27070	638	1
28000	18	1
28501	18	1
28502	18	1
28503	18	1
29000	504	1
29501	407	1
29502	407	1
29503	407	1
29504	407	1
30001	434	1
30002	434	1
30003	434	1
30010	434	1
30021	434	1
30022	434	1
30030	434	1
31001	0	1
31002	0	1
31003	0	1
31004	0	1
31005	0	1
31006	0	1
31007	0	1
31008	0	1
31009	0	1
31010	0	1
31011	0	1
31012	0	1
31013	0	1
31014	0	1
31015	0	1
31016	0	1
31017	0	1
31018	0	1
31019	0	1
31020	0	1
31021	0	1
31022	0	1
31023	0	1
31024	0	1
31025	0	1
31026	0	1
31027	0	1
31028	0	1
31029	0	1
31030	0	1
31031	0	1
31032	0	1
31033	0	1
31034	0	1
31035	0	1
31036	0	1
31101	0	1
31102	0	1
31103	0	1
31104	0	1
31105	0	1
31106	0	1
31107	0	1
31108	0	1
31109	0	1
31110	0	1
31111	0	1
31112	0	1
31113	0	1
31114	0	1
31300	0	1
31301	0	1
31302	0	1
31400	0	1
31500	0	1
31501	0	1
31502	0	1
31503	0	1
