sij2019	zone	share
101 1 1
102 1 1
103 1 1
104 1 1
105 1 1
111 1 1
112 1 1
113 1 1
114 1 1
115 1 1
116 1 1
117 1 1
118 1 1
131 1 1
132 1 1
133 1 1
141 1 1
142 1 1
143 1 1
151 1 1
152 1 1
153 1 1
154 1 1
161 1 1
162 1 1
171 1 1
172 1 1
173 1 1
174 1 1
175 1 1
181 1 1
182 1 1
183 1 1
191 1 1
192 1 1
193 1 1
194 1 1
195 1 1
196 1 1
197 1 1
201 1 1
202 1 1
203 1 1
211 1 1
212 1 1
213 1 1
214 1 1
215 1 1
221 1 1
222 1 1
223 1 1
224 1 1
225 1 1
231 1 1
232 1 1
233 1 1
234 1 1
235 1 1
236 1 1
241 1 1
242 1 1
243 1 1
244 2 1
251 1 1
252 1 1
253 1 1
254 1 1
255 1 1
260 1 1
271 1 1
272 1 1
281 1 1
282 1 1
291 1 1
292 1 1
293 1 1
294 1 1
301 1 1
302 1 1
303 1 1
304 1 1
305 1 1
306 1 1
307 1 1
308 1 1
321 1 1
322 1 1
323 1 1
331 1 1
332 1 1
333 1 1
341 1 1
342 1 1
343 1 1
344 1 1
345 1 1
346 1 1
351 1 1
352 1 1
353 1 1
354 1 1
355 1 1
356 1 1
361 1 1
362 1 1
363 1 1
364 1 1
365 1 1
366 1 1
367 2 1
368 2 1
369 1 1
381 1 1
382 1 1
383 1 1
384 1 1
385 1 1
386 1 1
1001 2 1
1002 2 1
1003 2 1
1004 2 1
1005 2 1
1011 2 1
1012 2 1
1013 2 1
1014 2 1
1021 2 1
1022 2 1
1023 2 1
1024 2 1
1025 2 1
1026 2 1
1027 2 1
1031 2 1
1032 2 1
1033 2 1
1034 2 1
1035 2 1
1041 2 1
1042 2 1
1043 2 1
1044 2 1
1045 2 1
1046 2 1
1047 2 1
1051 2 1
1052 2 1
1053 2 1
1054 2 1
1055 2 1
1056 2 1
1061 2 1
1062 2 1
1063 2 1
1064 2 1
1065 2 1
1066 2 1
1067 2 1
1068 2 1
1069 2 1
1071 2 1
1081 2 1
1082 2 1
1083 2 1
1084 2 1
1085 2 1
1091 2 1
1092 2 1
1093 2 1
1094 2 1
1101 2 1
1102 2 1
1103 2 1
1104 2 1
1111 2 1
1112 2 1
1113 2 1
1114 2 1
1115 2 1
1116 2 1
1121 2 1
1122 2 1
1123 2 1
1124 2 1
1125 2 1
1126 2 1
1127 2 1
1128 2 1
1141 2 1
1142 2 1
1143 2 1
1144 2 1
1145 2 1
1146 2 1
1147 2 1
1148 2 1
1149 2 1
1151 2 1
1161 2 1
1162 2 1
1163 2 1
1164 2 1
1171 2 1
1172 2 1
1173 2 1
1174 2 1
1175 2 1
1181 2 1
1182 2 1
1183 2 1
1184 2 1
1185 2 1
1191 2 1
1192 2 1
1193 2 1
1201 2 1
1202 2 1
1203 2 1
1204 2 1
1205 2 1
1206 2 1
1211 2 1
1212 2 1
1213 2 1
1214 2 1
1215 2 1
1221 2 1
1222 2 1
1223 2 1
1224 2 1
1225 2 1
1226 2 1
1227 2 1
1228 2 1
1241 2 1
1242 2 1
1243 2 1
1244 2 1
1245 2 1
1246 2 1
1247 2 1
1248 2 1
1261 2 1
1262 2 1
1263 2 1
1271 2 1
1272 2 1
1273 2 1
1274 2 1
1275 2 1
1281 2 1
1282 2 1
1283 2 1
1284 2 1
1285 2 1
1286 2 1
1287 2 1
1291 2 1
1292 2 1
1293 2 1
1294 2 1
1301 2 1
1302 2 1
1303 2 1
1304 2 1
1311 2 1
1312 2 1
1313 2 1
1314 2 1
1321 2 1
1322 2 1
1331 2 1
1332 2 1
1333 2 1
1334 2 1
1335 2 1
1336 2 1
1337 2 1
1340 2 1
1351 2 1
1352 2 1
1353 2 1
1354 2 1
1355 2 1
1356 2 1
1357 2 1
1358 2 1
1371 2 1
1372 2 1
1373 2 1
1374 2 1
1375 2 1
1381 2 1
1382 2 1
1383 2 1
1384 2 1
1391 2 1
1392 2 1
1393 2 1
1394 2 1
1401 2 1
1402 2 1
1403 2 1
1404 2 1
1405 2 1
1411 2 1
1412 2 1
1421 2 1
1422 2 1
1423 2 1
1424 2 1
1431 2 1
1432 2 1
1433 2 1
1434 2 1
1435 2 1
1436 2 1
1441 2 1
1442 2 1
1443 2 1
1444 2 1
1445 2 1
1451 2 1
1452 2 1
1453 2 1
1454 2 1
1455 2 1
1461 2 1
1462 2 1
1463 2 1
1464 2 1
1465 2 1
1471 2 1
1472 2 1
1473 2 1
1474 2 1
1475 2 1
1476 2 1
1477 2 1
1478 2 1
1491 2 1
1492 2 1
1493 2 1
1494 2 1
1495 2 1
1496 2 1
1497 2 1
1498 2 1
1499 2 1
1511 2 1
1512 2 1
1513 2 1
1514 2 1
1515 2 1
1516 2 1
1520 2 1
1531 1 1
1532 1 1
1541 2 1
1542 2 1
1543 2 1
1544 2 1
1545 2 1
1546 2 1
1547 2 1
1548 2 1
1561 2 1
1562 2 1
1563 2 1
1564 2 1
1565 2 1
1570 2 1
1581 2 1
1582 2 1
1591 2 1
1592 2 1
1593 2 1
1601 2 1
1602 2 1
1603 2 1
2001 3 1
2002 3 1
2011 3 1
2012 3 1
2021 3 1
2022 3 1
2031 3 1
2032 3 1
2041 3 1
2042 3 1
2043 3 1
2051 3 1
2052 3 1
2061 3 1
2062 3 1
2071 3 1
2072 3 1
2081 3 1
2082 3 1
2083 3 1
2090 3 1
2100 3 1
2110 3 1
2120 3 1
2131 3 1
2132 3 1
2141 3 1
2142 3 1
2143 3 1
2151 3 1
2152 3 1
2153 3 1
2161 3 1
2162 3 1
2163 3 1
2171 3 1
2172 3 1
2181 3 1
2182 3 1
2191 3 1
2192 3 1
2201 3 1
2202 3 1
2203 3 1
2211 3 1
2212 3 1
2220 3 1
2231 3 1
2232 3 1
2233 3 1
2241 3 1
2242 3 1
2243 3 1
2251 3 1
2252 3 1
2253 3 1
2261 3 1
2262 3 1
2263 3 1
2264 3 1
2265 3 1
2271 3 1
2272 3 1
2273 3 1
2274 3 1
2281 3 1
2282 3 1
2291 3 1
2292 3 1
2301 3 1
2302 3 1
2311 3 1
2312 3 1
2321 3 1
2322 3 1
2323 3 1
2330 3 1
2340 3 1
2350 3 1
2361 3 1
2362 3 1
2370 3 1
2381 3 1
2382 3 1
2391 3 1
2392 3 1
2393 3 1
2401 3 1
2402 3 1
2403 3 1
2411 3 1
2412 3 1
2413 3 1
2414 3 1
2421 3 1
2422 3 1
2431 3 1
2432 3 1
2441 3 1
2442 3 1
2443 3 1
2451 3 1
2452 3 1
2461 3 1
2462 3 1
2463 3 1
2471 3 1
2472 3 1
2473 3 1
2474 3 1
2481 3 1
2482 3 1
2483 3 1
2490 3 1
2501 3 1
2502 3 1
2511 3 1
2512 3 1
2513 3 1
2521 3 1
2522 3 1
2523 3 1
2531 3 1
2532 3 1
2540 3 1
2551 3 1
2552 3 1
2561 3 1
2562 3 1
2563 3 1
2571 3 1
2572 3 1
2580 3 1
2591 3 1
2592 3 1
2601 3 1
2602 3 1
2611 3 1
2612 3 1
2613 3 1
2614 3 1
2615 3 1
2616 3 1
2621 3 1
2622 3 1
2631 3 1
2632 3 1
2633 3 1
2634 3 1
2635 3 1
2641 3 1
2642 3 1
2643 3 1
2651 3 1
2652 3 1
2661 3 1
2662 3 1
2670 3 1
2681 3 1
2682 3 1
2683 3 1
2691 3 1
2692 3 1
2693 3 1
2694 3 1
2695 3 1
2701 3 1
2702 3 1
2703 3 1
2711 3 1
2712 3 1
2713 3 1
2714 3 1
2715 3 1
2721 3 1
2722 3 1
2723 3 1
2724 3 1
2725 3 1
2731 3 1
2732 3 1
2733 3 1
2734 3 1
2735 3 1
2741 3 1
2742 3 1
2751 3 1
2752 3 1
2753 3 1
2761 3 1
2762 3 1
2763 3 1
2764 3 1
2765 3 1
2770 3 1
2781 3 1
2782 3 1
2783 3 1
2784 3 1
2785 3 1
2791 3 1
2792 3 1
2801 3 1
2802 3 1
2803 3 1
2804 3 1
2805 3 1
2806 3 1
2807 3 1
2808 3 1
2809 3 1
2821 3 1
2822 3 1
2830 3 1
2841 3 1
2842 3 1
2843 3 1
2851 3 1
2852 3 1
2853 3 1
2861 3 1
2862 3 1
2863 3 1
2864 3 1
2865 3 1
2871 3 1
2872 3 1
2881 3 1
2882 3 1
2883 3 1
2884 3 1
2891 3 1
2892 3 1
2893 3 1
2894 3 1
2895 3 1
2901 3 1
2902 3 1
2903 3 1
2904 3 1
2905 3 1
2911 3 1
2912 3 1
2913 3 1
2914 3 1
2915 3 1
2921 3 1
2922 3 1
2923 3 1
2924 3 1
2931 3 1
2932 3 1
2933 3 1
3500 3 1
3510 3 1
3521 3 1
3522 3 1
3523 3 1
3524 3 1
3525 3 1
3531 3 1
3532 3 1
4001 4 1
4002 4 1
4010 4 1
4021 4 1
4022 4 1
4031 4 1
4032 4 1
4033 4 1
4034 4 1
4041 4 1
4042 4 1
4050 4 1
4061 4 1
4062 4 1
4071 4 1
4072 4 1
4073 4 1
4074 4 1
4075 4 1
4076 4 1
4077 4 1
4078 4 1
4079 4 1
4081 4 1
4082 4 1
4083 4 1
4084 4 1
4091 4 1
4092 4 1
4093 4 1
4094 4 1
4095 4 1
4096 4 1
4101 4 1
4102 4 1
4103 4 1
4104 4 1
4105 4 1
4111 4 1
4112 4 1
4120 4 1
4131 4 1
4132 4 1
4140 4 1
4150 4 1
4160 4 1
4170 4 1
4181 4 1
4182 4 1
4190 4 1
4200 4 1
4211 4 1
4212 4 1
4213 4 1
4214 4 1
4220 4 1
4231 4 1
4232 4 1
4233 4 1
4241 4 1
4242 4 1
4250 4 1
4260 4 1
4270 4 1
4281 4 1
4282 4 1
4283 4 1
4284 4 1
4285 4 1
4291 4 1
4292 4 1
4301 4 1
4302 4 1
4303 4 1
4311 4 1
4312 4 1
4321 4 1
4322 4 1
4323 4 1
4324 4 1
4325 4 1
4331 4 1
4332 4 1
4333 4 1
4334 4 1
4341 4 1
4342 4 1
4343 4 1
4344 4 1
4345 4 1
4346 4 1
4347 4 1
4351 4 1
4352 4 1
4353 4 1
4354 4 1
4355 4 1
4356 4 1
4357 4 1
4358 4 1
4359 4 1
4361 4 1
4371 4 1
4372 4 1
4373 4 1
4381 4 1
4382 4 1
4383 4 1
4391 4 1
4392 4 1
4393 4 1
4394 4 1
4401 4 1
4402 4 1
4403 4 1
4404 4 1
4405 4 1
4406 4 1
4407 4 1
4408 4 1
4409 4 1
4421 4 1
4422 4 1
4423 4 1
4424 4 1
4425 4 1
4426 4 1
4427 4 1
4428 4 1
4429 4 1
4431 4 1
4432 4 1
4433 4 1
4434 4 1
4441 4 1
4442 4 1
4443 4 1
4444 4 1
4445 4 1
4446 4 1
4450 4 1
4461 4 1
4462 4 1
4463 4 1
4471 4 1
4472 4 1
4473 4 1
4474 4 1
4481 4 1
4482 4 1
4483 4 1
4484 4 1
4485 4 1
4486 4 1
4487 4 1
4491 4 1
4492 4 1
4493 4 1
4494 4 1
4495 4 1
4496 4 1
4497 4 1
4498 4 1
4499 4 1
4511 4 1
4512 4 1
4513 4 1
4514 4 1
4515 4 1
4521 4 1
4522 4 1
4523 4 1
4531 4 1
4532 4 1
4533 4 1
4534 4 1
4535 4 1
4541 4 1
4542 4 1
4543 4 1
4551 4 1
4552 4 1
4561 4 1
4562 4 1
4571 4 1
4572 4 1
4573 4 1
4574 4 1
4575 4 1
4581 4 1
4582 4 1
4583 4 1
4584 4 1
4591 4 1
4592 4 1
4593 4 1
4594 4 1
4595 4 1
4601 4 1
4602 4 1
4603 4 1
4604 4 1
4611 4 1
4612 4 1
4621 4 1
4622 4 1
4623 4 1
4630 4 1
4641 4 1
4642 4 1
4651 4 1
4652 4 1
4661 4 1
4662 4 1
4663 4 1
4664 4 1
4671 4 1
4672 4 1
4673 4 1
4680 4 1
4690 4 1
4700 4 1
4711 4 1
4712 4 1
4713 4 1
4720 4 1
4731 4 1
4732 4 1
4740 4 1
4751 4 1
4752 4 1
4753 4 1
4761 4 1
4762 4 1
4771 4 1
4772 4 1
4781 4 1
4782 4 1
4790 4 1
4801 4 1
4802 4 1
4810 4 1
4820 4 1
4831 4 1
4832 4 1
4833 4 1
4841 4 1
4842 4 1
4843 4 1
4844 4 1
4845 4 1
4846 4 1
4847 4 1
4848 4 1
4849 4 1
4861 4 1
4862 4 1
4870 4 1
6000 5 1
6010 5 1
6021 5 1
6022 5 1
6023 5 1
6024 5 1
6025 5 1
6026 5 1
6030 5 1
6040 5 1
6050 5 1
6061 5 1
6062 5 1
6063 5 1
6064 5 1
6071 5 1
6072 5 1
6073 5 1
6081 5 1
6082 5 1
6090 5 1
6100 5 1
6111 5 1
6112 5 1
6121 5 1
6122 5 1
6131 5 1
6132 5 1
6141 5 1
6142 5 1
6143 5 1
6151 5 1
6152 5 1
6160 5 1
6170 5 1
6180 5 1
6190 5 1
6201 5 1
6202 5 1
6203 5 1
6211 5 1
6212 5 1
6213 5 1
6221 5 1
6222 5 1
6223 5 1
6224 5 1
6225 5 1
6231 5 1
6232 5 1
6241 5 1
6242 5 1
6243 5 1
6251 5 1
6252 5 1
6261 5 1
6262 5 1
6263 5 1
6271 5 1
6272 5 1
6273 5 1
6274 5 1
6275 5 1
6281 5 1
6282 5 1
6291 5 1
6292 5 1
6293 5 1
7001 5 1
7002 5 1
7011 5 1
7012 5 1
7020 5 1
7031 5 1
7032 5 1
7040 5 1
7050 5 1
7060 5 1
7070 5 1
7080 5 1
7091 5 1
7092 5 1
7093 5 1
7094 5 1
7101 5 1
7102 5 1
7110 5 1
7120 5 1
7131 5 1
7132 5 1
7140 5 1
7150 5 1
7160 5 1
7170 5 1
7180 5 1
7191 5 1
7192 5 1
7193 5 1
7200 5 1
7211 5 1
7212 5 1
7213 5 1
7221 5 1
7222 5 1
7231 5 1
7232 5 1
7233 5 1
7234 5 1
7241 5 1
7242 5 1
7250 5 1
7261 5 1
7262 5 1
7263 5 1
7270 5 1
7281 5 1
7282 5 1
7283 5 1
7290 5 1
7301 5 1
7302 5 1
7310 5 1
7320 5 1
7331 5 1
7332 5 1
7333 5 1
7341 5 1
7342 5 1
7351 5 1
7352 5 1
7361 5 1
7362 5 1
7371 5 1
7372 5 1
7381 5 1
7382 5 1
7383 5 1
7391 5 1
7392 5 1
7393 5 1
7394 5 1
7395 5 1
7396 5 1
7400 5 1
7410 5 1
7420 5 1
7431 5 1
7432 5 1
7441 5 1
7442 5 1
7451 5 1
7452 5 1
7453 5 1
7460 5 1
7471 5 1
7472 5 1
7473 5 1
7480 5 1
7490 5 1
8001 5 1
8002 5 1
8003 5 1
8011 5 1
8012 5 1
8013 5 1
8014 5 1
8021 5 1
8022 5 1
8031 5 1
8032 5 1
8041 5 1
8042 5 1
8043 5 1
8051 5 1
8052 5 1
8053 5 1
8054 5 1
8055 5 1
8056 5 1
8057 5 1
8058 5 1
8059 5 1
8061 5 1
8070 5 1
8081 5 1
8082 5 1
8091 5 1
8092 5 1
8100 5 1
8111 5 1
8112 5 1
8121 5 1
8122 5 1
8123 5 1
8124 5 1
8125 5 1
8126 5 1
8127 5 1
8128 5 1
8141 5 1
8142 5 1
8150 5 1
8161 5 1
8162 5 1
8171 5 1
8172 5 1
8173 5 1
8174 5 1
8181 5 1
8182 5 1
8191 5 1
8192 5 1
8200 5 1
8211 5 1
8212 5 1
8213 5 1
8214 5 1
8215 5 1
8216 5 1
8217 5 1
8218 5 1
8230 5 1
8241 5 1
8242 5 1
8251 5 1
8252 5 1
8253 5 1
8261 5 1
8262 5 1
8271 5 1
8272 5 1
8273 5 1
8274 5 1
8281 5 1
8282 5 1
8283 5 1
8291 5 1
8292 5 1
8293 5 1
8301 5 1
8302 5 1
8303 5 1
8304 5 1
8305 5 1
8306 5 1
8311 5 1
8312 5 1
8313 5 1
8314 5 1
8315 5 1
8321 5 1
8322 5 1
8323 5 1
8330 5 1
8341 5 1
8342 5 1
8343 5 1
8344 5 1
8351 5 1
8352 5 1
8353 5 1
8354 5 1
8355 5 1
8361 5 1
8362 5 1
8371 5 1
8372 5 1
8373 5 1
8374 5 1
8375 5 1
8381 5 1
8382 5 1
8391 5 1
8392 5 1
8393 5 1
8400 5 1
8410 5 1
8421 5 1
8422 5 1
8423 5 1
8424 5 1
8431 5 1
8432 5 1
8433 5 1
8434 5 1
8441 5 1
8442 5 1
8443 5 1
8444 5 1
8451 5 1
8452 5 1
8453 5 1
8460 5 1
8471 5 1
8472 5 1
8481 5 1
8482 5 1
8483 5 1
8491 5 1
8492 5 1
8493 5 1
8494 5 1
8495 5 1
9001 5 1
9002 5 1
9003 5 1
9004 5 1
9005 5 1
9006 5 1
9007 5 1
9008 5 1
9021 5 1
9022 5 1
9031 5 1
9032 5 1
9041 5 1
9042 5 1
9050 5 1
9061 5 1
9062 5 1
9071 5 1
9072 5 1
9073 5 1
9081 5 1
9082 5 1
9083 5 1
9084 5 1
9085 5 1
9086 5 1
9087 5 1
9088 5 1
9089 5 1
9101 5 1
9102 5 1
9110 5 1
9121 5 1
9122 5 1
9123 5 1
9131 5 1
9132 5 1
9141 5 1
9142 5 1
9150 5 1
9161 5 1
9162 5 1
9170 5 1
9181 5 1
9182 5 1
9191 5 1
9192 5 1
9201 5 1
9202 5 1
9203 5 1
9204 5 1
9211 5 1
9212 5 1
9220 5 1
9231 5 1
9232 5 1
9233 5 1
9240 5 1
9250 5 1
9261 5 1
9262 5 1
9271 5 1
9272 5 1
9273 5 1
9274 5 1
9281 5 1
9282 5 1
9283 5 1
9291 5 1
9292 5 1
9301 5 1
9302 5 1
9303 5 1
9304 5 1
9305 5 1
9306 5 1
9311 5 1
9312 5 1
9321 5 1
9322 5 1
9331 5 1
9332 5 1
9341 5 1
9342 5 1
9343 5 1
9351 5 1
9352 5 1
9360 5 1
9370 5 1
9381 5 1
9382 5 1
9391 5 1
9392 5 1
9393 5 1
9400 5 1
9411 5 1
9412 5 1
9421 5 1
9422 5 1
9431 5 1
9432 5 1
9433 5 1
9440 5 1
9451 5 1
9452 5 1
9460 5 1
9470 5 1
9481 5 1
9482 5 1
9490 5 1
9501 5 1
9502 5 1
10001 5 1
10002 5 1
10003 5 1
10004 5 1
10005 5 1
10006 5 1
10011 5 1
10012 5 1
10013 5 1
10021 5 1
10022 5 1
10030 5 1
10040 5 1
10050 5 1
10061 5 1
10062 5 1
10063 5 1
10071 5 1
10072 5 1
10073 5 1
10074 5 1
10081 5 1
10082 5 1
10083 5 1
10084 5 1
10091 5 1
10092 5 1
10101 5 1
10102 5 1
10111 5 1
10112 5 1
10113 5 1
10121 5 1
10122 5 1
10123 5 1
10131 5 1
10132 5 1
10133 5 1
10134 5 1
10141 5 1
10142 5 1
10143 5 1
10144 5 1
10151 5 1
10152 5 1
10161 5 1
10162 5 1
10163 5 1
10170 5 1
10180 5 1
10191 5 1
10192 5 1
10201 5 1
10202 5 1
10203 5 1
10204 5 1
10205 5 1
10206 5 1
11001 5 1
11002 5 1
11003 5 1
11004 5 1
11011 5 1
11012 5 1
11013 5 1
11014 5 1
11015 5 1
11016 5 1
11021 5 1
11022 5 1
11023 5 1
11024 5 1
11031 5 1
11032 5 1
11041 5 1
11042 5 1
11043 5 1
11044 5 1
11045 5 1
11051 5 1
11052 5 1
11053 5 1
11054 5 1
11060 5 1
11070 5 1
11081 5 1
11082 5 1
11091 5 1
11092 5 1
11093 5 1
11094 5 1
11100 5 1
11111 5 1
11112 5 1
11113 5 1
11121 5 1
11122 5 1
11123 5 1
11130 5 1
11140 5 1
11150 5 1
11161 5 1
11162 5 1
11170 5 1
11181 5 1
11182 5 1
11190 5 1
11200 5 1
11210 5 1
11220 5 1
11231 5 1
11232 5 1
11233 5 1
11241 5 1
11242 5 1
11251 5 1
11252 5 1
11253 5 1
11260 5 1
11270 5 1
11280 5 1
12000 5 1
12011 5 1
12012 5 1
12013 5 1
12014 5 1
12015 5 1
12016 5 1
12021 5 1
12022 5 1
12023 5 1
12030 5 1
12040 5 1
12051 5 1
12052 5 1
12053 5 1
12054 5 1
12055 5 1
12056 5 1
12061 5 1
12062 5 1
12063 5 1
12071 5 1
12072 5 1
12073 5 1
12080 5 1
12090 5 1
12101 5 1
12102 5 1
12111 5 1
12112 5 1
12113 5 1
12114 5 1
12121 5 1
12122 5 1
12123 5 1
12131 5 1
12132 5 1
12141 5 1
12142 5 1
12143 5 1
12144 5 1
12145 5 1
12146 5 1
12147 5 1
12151 5 1
12152 5 1
12153 5 1
12154 5 1
12155 5 1
12156 5 1
12157 5 1
12161 5 1
12162 5 1
12171 5 1
12172 5 1
12180 5 1
12191 5 1
12192 5 1
12193 5 1
12194 5 1
12201 5 1
12202 5 1
12203 5 1
12211 5 1
12212 5 1
12221 5 1
12222 5 1
12223 5 1
12231 5 1
12232 5 1
12241 5 1
12242 5 1
12251 5 1
12252 5 1
12253 5 1
12261 5 1
12262 5 1
12263 5 1
12271 5 1
12272 5 1
12281 5 1
12282 5 1
12291 5 1
12292 5 1
12293 5 1
12294 5 1
12301 5 1
12302 5 1
12311 5 1
12312 5 1
12321 5 1
12322 5 1
12331 5 1
12332 5 1
12333 5 1
12341 5 1
12342 5 1
12351 5 1
12352 5 1
12360 5 1
12371 5 1
12372 5 1
12373 5 1
12374 5 1
12375 5 1
12376 5 1
12377 5 1
12381 5 1
12382 5 1
12391 5 1
12392 5 1
13001 5 1
13002 5 1
13003 5 1
13011 5 1
13012 5 1
13013 5 1
13014 5 1
13021 5 1
13022 5 1
13023 5 1
13031 5 1
13032 5 1
13033 5 1
13034 5 1
13041 5 1
13042 5 1
13043 5 1
13051 5 1
13052 5 1
13060 5 1
13070 5 1
13081 5 1
13082 5 1
13090 5 1
13100 5 1
13110 5 1
13120 5 1
13130 5 1
13140 5 1
13150 5 1
13160 5 1
13171 5 1
13172 5 1
13181 5 1
13182 5 1
13183 5 1
13184 5 1
13185 5 1
13191 5 1
13192 5 1
13201 5 1
13202 5 1
13211 5 1
13212 5 1
13221 5 1
13222 5 1
13223 5 1
13231 5 1
13232 5 1
13233 5 1
13240 5 1
13251 5 1
13252 5 1
13260 5 1
13270 5 1
13281 5 1
13282 5 1
13283 5 1
13290 5 1
13301 5 1
13302 5 1
13303 5 1
13310 5 1
13320 5 1
13330 5 1
13341 5 1
13342 5 1
13350 5 1
14001 5 1
14002 5 1
14003 5 1
14004 5 1
14011 5 1
14012 5 1
14013 5 1
14014 5 1
14015 5 1
14021 5 1
14022 5 1
14023 5 1
14024 5 1
14025 5 1
14026 5 1
14027 5 1
14031 5 1
14032 5 1
14033 5 1
14034 5 1
14041 5 1
14042 5 1
14043 5 1
14044 5 1
14050 5 1
14061 5 1
14062 5 1
14071 5 1
14072 5 1
14073 5 1
14074 5 1
14075 5 1
14076 5 1
14077 5 1
14081 5 1
14082 5 1
14083 5 1
14084 5 1
14085 5 1
14091 5 1
14092 5 1
14093 5 1
14094 5 1
14095 5 1
14101 5 1
14102 5 1
14103 5 1
14104 5 1
14111 5 1
14112 5 1
14113 5 1
14114 5 1
14121 5 1
14122 5 1
14123 5 1
14124 5 1
14125 5 1
14131 5 1
14132 5 1
14133 5 1
14141 5 1
14142 5 1
14151 5 1
14152 5 1
14153 5 1
14160 5 1
14170 5 1
14181 5 1
14182 5 1
14183 5 1
14191 5 1
14192 5 1
14201 5 1
14202 5 1
14210 5 1
14220 5 1
14231 5 1
14232 5 1
14240 5 1
14251 5 1
14252 5 1
14260 5 1
14270 5 1
14281 5 1
14282 5 1
14290 5 1
14301 5 1
14302 5 1
14303 5 1
14304 5 1
14305 5 1
14311 5 1
14312 5 1
14313 5 1
14321 5 1
14322 5 1
14323 5 1
14324 5 1
14331 5 1
14332 5 1
14333 5 1
14334 5 1
14335 5 1
14336 5 1
14341 5 1
14342 5 1
14351 5 1
14352 5 1
14360 5 1
14371 5 1
14372 5 1
14373 5 1
14381 5 1
14382 5 1
14391 5 1
14392 5 1
14393 5 1
14394 5 1
14395 5 1
14401 5 1
14402 5 1
14403 5 1
14404 5 1
14405 5 1
14410 5 1
14421 5 1
14422 5 1
15000 5 1
15010 5 1
15020 5 1
15030 5 1
15040 5 1
15050 5 1
15060 5 1
15070 5 1
15080 5 1
15090 5 1
15501 0 1
15502 0 1
15503 0 1
15504 0 1
15510 0 1
15521 0 1
15522 0 1
15523 0 1
16000 0 1
16001 0 1
16002 0 1
16003 0 1
16004 0 1
16005 0 1
16006 0 1
16007 0 1
16008 0 1
16009 0 1
16010 0 1
16011 0 1
16012 0 1
16013 0 1
16014 0 1
16015 0 1
16016 0 1
16500 0 1
16501 0 1
16502 0 1
17000 0 1
17011 0 1
17012 0 1
17013 0 1
17014 0 1
17015 0 1
17016 0 1
17021 0 1
17022 0 1
17023 0 1
17024 0 1
17025 0 1
17026 0 1
17027 0 1
17028 0 1
17040 0 1
17051 0 1
17052 0 1
17053 0 1
17054 0 1
17055 0 1
17501 0 1
17502 0 1
17503 0 1
17504 0 1
17505 0 1
17506 0 1
17507 0 1
17508 0 1
18001 0 1
18002 0 1
18003 0 1
18004 0 1
18010 0 1
18021 0 1
18022 0 1
18023 0 1
18501 0 1
18502 0 1
18503 0 1
18504 0 1
18505 0 1
18506 0 1
18507 0 1
18508 0 1
18509 0 1
18511 0 1
18512 0 1
19001 0 1
19002 0 1
19003 0 1
19004 0 1
19005 0 1
19006 0 1
19011 0 1
19012 0 1
19013 0 1
19014 0 1
19021 0 1
19022 0 1
19023 0 1
19024 0 1
19025 0 1
19031 0 1
19032 0 1
19033 0 1
19034 0 1
19035 0 1
19036 0 1
19041 0 1
19042 0 1
19043 0 1
19044 0 1
19045 0 1
19046 0 1
19047 0 1
19051 0 1
19052 0 1
19053 0 1
19054 0 1
19055 0 1
19061 0 1
19062 0 1
19071 0 1
19072 0 1
19073 0 1
19074 0 1
19075 0 1
19081 0 1
19082 0 1
19083 0 1
19084 0 1
19085 0 1
19086 0 1
19087 0 1
19088 0 1
19089 0 1
19091 0 1
19092 0 1
19093 0 1
19094 0 1
19095 0 1
19096 0 1
20000 0 1
20001 0 1
20002 0 1
20003 0 1
20004 0 1
20005 0 1
20006 0 1
20007 0 1
20008 0 1
20009 0 1
20010 0 1
21000 0 1
21001 0 1
21002 0 1
21500 0 1
21501 0 1
22001 0 1
22002 0 1
22003 0 1
22004 0 1
22500 0 1
22501 0 1
23001 0 1
23002 0 1
23011 0 1
23012 0 1
23013 0 1
23014 0 1
23015 0 1
23016 0 1
23017 0 1
23018 0 1
24001 0 1
24002 0 1
24003 0 1
24004 0 1
24500 0 1
24501 0 1
25000 0 1
25001 0 1
25002 0 1
25003 0 1
25500 0 1
25501 0 1
25502 0 1
25503 0 1
25504 0 1
26000 0 1
26001 0 1
26002 0 1
26003 0 1
26004 0 1
26005 0 1
26006 0 1
26007 0 1
26008 0 1
26009 0 1
27000 0 1
27011 0 1
27012 0 1
27020 0 1
27031 0 1
27032 0 1
27033 0 1
27041 0 1
27042 0 1
27043 0 1
27044 0 1
27045 0 1
27046 0 1
27047 0 1
27051 0 1
27052 0 1
27053 0 1
27054 0 1
27060 0 1
27070 0 1
28000 0 1
28501 0 1
28502 0 1
28503 0 1
29000 0 1
29501 0 1
29502 0 1
29503 0 1
29504 0 1
30001 0 1
30002 0 1
30003 0 1
30010 0 1
30021 0 1
30022 0 1
30030 0 1
31001 0 1
31002 0 1
31003 0 1
31004 0 1
31005 0 1
31006 0 1
31007 0 1
31008 0 1
31009 0 1
31010 0 1
31011 0 1
31012 0 1
31013 0 1
31014 0 1
31015 0 1
31016 0 1
31017 0 1
31018 0 1
31019 0 1
31020 0 1
31021 0 1
31022 0 1
31023 0 1
31024 0 1
31025 0 1
31026 0 1
31027 0 1
31028 0 1
31029 0 1
31030 0 1
31031 0 1
31032 0 1
31033 0 1
31034 0 1
31035 0 1
31036 0 1
31101 0 1
31102 0 1
31103 0 1
31104 0 1
31105 0 1
31106 0 1
31107 0 1
31108 0 1
31109 0 1
31110 0 1
31111 0 1
31112 0 1
31113 0 1
31114 0 1
31300 0 1
31301 0 1
31302 0 1
31400 4 1
31500 1 1
31501 1 1
31502 1 1
31503 2 1


