i,j,@count_type,@count_dir,@c_count
40347,221796,2,2,1645
40350,240853,2,1,1197
40420,204685,1,2,1764
41018,67692,3,1,11
41053,227816,3,2,680
41720,280174,6,4,2238
41724,217418,6,3,2351
41829,310274,7,4,3313
42043,212511,5,3,3194
42064,204255,2,1,192
42400,212062,3,2,580
42473,214168,5,4,2786
42816,185981,7,3,2616
43468,64379,3,2,343
50080,197731,3,2,3900
50081,198301,2,1,2549
50169,227267,3,1,1231
50211,50212,3,2,2115
50285,225785,3,2,3587
50424,50429,3,1,2986
50428,50425,3,2,2821
50433,50435,5,4,3927
50434,50432,5,3,3901
50507,201013,1,1,172
64379,43468,3,1,142
65756,50210,3,1,1274
66110,310608,3,1,38
67692,41018,3,2,24
185965,186693,3,1,719
185980,42815,7,4,3258
186693,185965,3,2,931
195620,50080,2,2,4070
197763,200018,3,1,878
198816,210405,5,4,2626
198824,198817,5,4,1547
199020,204893,2,2,1029
199094,201734,1,2,1200
199097,201375,1,1,186
199101,201739,1,2,719
199221,201859,2,1,351
199549,199595,4,3,1116
199595,199549,4,4,1141
199880,199913,1,1,1885
199882,199883,1,1,625
199883,199882,1,2,1044
200018,197763,3,2,752
200083,200148,4,4,1638
200148,200083,4,3,1369
200219,200979,2,2,1691
200708,203644,1,1,628
200943,203855,4,3,1176
200979,200219,2,1,916
201013,50507,1,2,192
201316,280346,2,2,2107
201375,199097,1,2,198
201734,199094,1,1,856
201739,199101,1,1,604
201859,199221,2,2,315
203644,200708,1,2,629
203855,200943,4,4,438
204255,42064,2,2,461
204685,40420,1,1,1105
204695,221777,2,1,490
204893,199020,2,1,674
204905,200231,2,1,1546
204952,221036,1,2,985
205059,199920,1,2,3354
205214,205215,4,3,1950
205215,205214,4,4,1749
205306,213936,2,2,1513
208143,199943,2,2,3077
208400,228190,7,3,2594
209145,209146,3,2,764
209146,209145,3,1,792
210728,50081,3,1,2647
210816,40302,7,4,1254
211157,211158,4,3,288
211158,211157,4,4,545
211202,214195,3,2,816
212062,42400,3,1,550
212698,310133,3,2,1863
212760,227771,3,2,1107
213723,221928,4,3,3753
213936,205306,2,1,880
214195,211202,3,1,685
214258,213997,5,3,2743
217544,217554,7,4,2648
217719,197594,6,4,2433
217837,238898,3,2,727
218158,217174,7,3,2481
218566,221992,3,1,538
218703,310203,3,1,2317
220697,220714,3,1,3066
221036,204952,1,1,1096
221777,204695,2,2,809
221796,40347,2,1,1013
221992,218566,3,2,991
222578,222577,3,1,1708
225504,228197,3,2,966
225628,50284,3,1,2517
225717,227028,3,2,502
226140,310279,7,3,3032
226897,226898,3,1,994
227221,227222,7,3,2006
227265,225450,3,1,649
227461,65574,3,2,2076
227816,41053,3,1,751
227970,225931,3,1,574
228197,225504,3,1,618
228270,226469,3,2,833
228529,206879,7,4,2964
228887,40214,7,4,2356
238032,40303,7,3,1386
238898,217837,3,1,889
239371,218852,3,2,3774
239390,212271,5,4,1953
239400,239401,4,4,4176
240853,40350,2,2,1946
280175,41721,6,3,2602
280346,201316,2,1,1400
300054,280061,3,2,2382
310135,212699,3,1,994
310225,310202,3,2,3430
310608,66110,3,2,38
40410,199549,0,0,1427
40414,199575,0,0,717
40418,199732,0,0,270
40420,204685,0,0,1733
42072,202975,0,0,96
42901,205311,0,0,2155
43568,205333,0,0,1444
50507,201013,0,0,172
50516,205333,0,0,1094
199439,240841,0,0,849
199453,222047,0,0,100
199549,40410,0,0,1357
199549,199550,0,0,382
199549,199595,0,0,1225
199550,199549,0,0,210
199575,40415,0,0,742
199575,199577,0,0,182
199575,205226,0,0,558
199577,199575,0,0,182
199595,199549,0,0,1327
199687,205333,0,0,324
199732,40418,0,0,324
199732,199733,0,0,42
199732,200020,0,0,278
199733,199732,0,0,322
199737,211423,0,0,818
199752,212415,0,0,1249
199869,204680,0,0,799
199880,199913,0,0,1881
199881,199882,0,0,614
199882,199881,0,0,1027
200015,202859,0,0,1112
200020,199732,0,0,52
200023,200027,0,0,437
200027,200028,0,0,141
200028,212910,0,0,819
200042,200043,0,0,462
200042,204556,0,0,209
200042,280040,0,0,201
200043,200042,0,0,349
200044,200045,0,0,456
200045,200044,0,0,299
200045,201405,0,0,623
200045,203137,0,0,734
200045,204607,0,0,359
200083,200148,0,0,1628
200095,203235,0,0,472
200095,204643,0,0,239
200095,220947,0,0,115
200148,200083,0,0,1358
200188,201376,0,0,176
200417,201035,0,0,121
200420,200532,0,0,182
200532,200420,0,0,185
200532,205228,0,0,536
200532,205231,0,0,228
200532,205294,0,0,281
200708,203644,0,0,612
200717,201035,0,0,120
200730,221967,0,0,203
201013,50507,0,0,190
201027,205060,0,0,1346
201035,200417,0,0,111
201035,200717,0,0,64
201035,201204,0,0,482
201035,204684,0,0,390
201086,202865,0,0,110
201204,201035,0,0,418
201299,202505,0,0,498
201376,200188,0,0,197
201405,200045,0,0,768
201408,205134,0,0,16
201505,202865,0,0,46
201506,212415,0,0,811
201739,214270,0,0,715
202081,202975,0,0,179
202172,202865,0,0,33
202227,202975,0,0,485
202241,204957,0,0,69
202242,205115,0,0,125
202505,201299,0,0,493
202505,202007,0,0,55
202505,202610,0,0,765
202505,290000,0,0,76
202610,202505,0,0,539
202610,202612,0,0,795
202612,202610,0,0,486
202612,202613,0,0,1100
202612,203643,0,0,113
202613,202612,0,0,576
202841,221129,0,0,530
202859,200015,0,0,1383
202859,202862,0,0,226
202859,203690,0,0,936
202859,600011,0,0,9
202862,202859,0,0,161
202865,201086,0,0,99
202865,201505,0,0,60
202865,202172,0,0,24
202866,204680,0,0,98
202975,42072,0,0,70
202975,202081,0,0,282
202975,202227,0,0,388
202975,203035,0,0,238
203035,202975,0,0,217
203035,211612,0,0,182
203137,200045,0,0,468
203235,200095,0,0,295
203326,205311,0,0,1417
203643,202612,0,0,328
203644,200708,0,0,617
203690,202859,0,0,1290
203787,203788,0,0,679
203788,201292,0,0,417
203788,203787,0,0,567
203788,205173,0,0,645
204085,213798,0,0,832
204346,211415,0,0,395
204547,204855,0,0,1211
204556,200042,0,0,273
204607,200045,0,0,323
204637,211612,0,0,194
204643,200095,0,0,426
204678,221129,0,0,315
204680,199869,0,0,857
204680,202866,0,0,81
204680,204951,0,0,314
204680,205071,0,0,582
204681,205147,0,0,196
204682,205193,0,0,556
204684,201035,0,0,409
204685,40420,0,0,1100
204855,204547,0,0,1278
204855,205060,0,0,519
204855,205090,0,0,1456
204951,204680,0,0,68
204952,221036,0,0,969
204957,202241,0,0,134
205059,199920,0,0,3326
205060,204855,0,0,2042
205060,212914,0,0,1245
205071,204680,0,0,869
205115,202242,0,0,196
205134,201408,0,0,38
205147,204681,0,0,267
205172,214312,0,0,238
205173,203788,0,0,950
205173,221970,0,0,250
205193,204682,0,0,591
205228,200532,0,0,304
205231,200532,0,0,535
205294,200532,0,0,209
205294,205311,0,0,171
205311,42901,0,0,1262
205311,203326,0,0,2290
205311,205294,0,0,204
205311,205312,0,0,84
205312,205311,0,0,74
205333,43568,0,0,1277
205333,50516,0,0,1368
205333,199687,0,0,217
211040,211041,0,0,364
211041,211040,0,0,268
211041,213104,0,0,472
211041,213105,0,0,48
211041,214278,0,0,279
211413,211414,0,0,535
211414,211413,0,0,420
211415,204346,0,0,365
211416,211417,0,0,490
211417,211416,0,0,450
211417,211418,0,0,650
211418,211417,0,0,800
211421,211423,0,0,434
211423,199736,0,0,253
211423,199737,0,0,785
211423,211421,0,0,565
211612,203035,0,0,233
211612,204637,0,0,98
211612,213841,0,0,252
212248,212914,0,0,360
212415,201506,0,0,1150
212794,213798,0,0,350
212910,200028,0,0,929
212913,212914,0,0,1351
212914,205060,0,0,1499
212914,212248,0,0,289
212914,212913,0,0,1168
213104,211041,0,0,349
213695,199736,0,0,351
213798,212413,0,0,525
213798,213797,0,0,662
213841,211612,0,0,207
214180,221129,0,0,330
214270,201739,0,0,596
214278,211041,0,0,241
214312,214313,0,0,205
220947,200095,0,0,105
221036,204952,0,0,1082
221129,202841,0,0,720
221129,204678,0,0,255
221129,214180,0,0,430
221967,200730,0,0,235
221968,221969,0,0,211
221969,221968,0,0,221
221970,205173,0,0,188
222047,199453,0,0,530
222163,222164,0,0,693
222164,222163,0,0,799
240841,199439,0,0,1183
280040,200042,0,0,228
280342,199575,0,0,583
290000,202505,0,0,279
40274,50136,0,0,1113
40279,210008,0,0,556
40283,40278,0,0,272
40287,40278,0,0,400
40288,40279,0,0,760
40291,209222,0,0,360
40341,218582,0,0,1217
40624,216179,0,0,90
40629,205935,0,0,3744
41055,226257,0,0,540
41056,226257,0,0,270
41777,228376,0,0,450
41778,228376,0,0,370
41779,41777,0,0,370
41780,41778,0,0,400
41781,228110,0,0,520
41976,226759,0,0,264
41977,41984,0,0,301
41984,41977,0,0,264
42020,220727,0,0,2288
42030,220614,0,0,844
42139,280035,0,0,542
42144,210008,0,0,474
42251,219609,0,0,577
42274,219784,0,0,630
42275,42273,0,0,710
42277,219236,0,0,360
42313,193969,0,0,160
42380,219203,0,0,708
42381,219203,0,0,390
42387,219192,0,0,530
42388,219113,0,0,440
42388,219192,0,0,270
42420,280027,0,0,350
42422,280027,0,0,400
42451,239494,0,0,630
42608,205617,0,0,1816
42751,209624,0,0,450
42752,209624,0,0,260
42753,209624,0,0,350
42818,209721,0,0,1100
42819,210054,0,0,510
42825,226267,0,0,700
50137,40277,0,0,822
50169,227267,0,0,1000
50208,306155,0,0,3367
50284,310573,0,0,2086
50343,50367,0,0,3840
50346,208831,0,0,1444
50358,228904,0,0,3530
50366,50342,0,0,2248
50437,310340,0,0,1891
185965,185969,0,0,662
185965,185975,0,0,782
185965,186693,0,0,624
185970,185972,0,0,567
185972,206425,0,0,100
185975,185965,0,0,764
185975,185977,0,0,340
185981,209390,0,0,2547
185983,185980,0,0,3223
186693,185965,0,0,886
193969,42313,0,0,230
193969,216043,0,0,1100
205499,219269,0,0,1906
205947,190884,0,0,2940
206425,185972,0,0,41
207542,219046,0,0,1369
207999,219807,0,0,680
208717,219162,0,0,340
208717,219163,0,0,430
208924,208925,0,0,573
208925,219779,0,0,470
209147,310552,0,0,730
209633,219192,0,0,490
209634,219113,0,0,640
209687,220279,0,0,670
209721,185972,0,0,588
209731,220092,0,0,702
210008,40279,0,0,724
210008,42144,0,0,253
210054,42819,0,0,889
210064,50347,0,0,2527
210098,208812,0,0,3565
210104,210106,0,0,4914
210129,208438,0,0,220
210136,220086,0,0,692
210138,219169,0,0,680
212698,310133,0,0,1577
216043,193969,0,0,500
216287,216110,0,0,480
216288,216289,0,0,130
216289,216288,0,0,500
216300,216289,0,0,1150
216364,216287,0,0,90
218580,218582,0,0,931
218582,218580,0,0,550
218600,219525,0,0,679
218619,218620,0,0,775
218620,218619,0,0,985
218629,218631,0,0,695
218631,218629,0,0,805
218633,310553,0,0,662
219113,42388,0,0,590
219113,209634,0,0,500
219113,219114,0,0,360
219114,219113,0,0,370
219162,208717,0,0,550
219163,208717,0,0,550
219169,210138,0,0,700
219192,42387,0,0,350
219192,42388,0,0,480
219192,209633,0,0,470
219192,220780,0,0,490
219203,42380,0,0,411
219203,42381,0,0,513
219203,219563,0,0,270
219236,209686,0,0,460
219431,219432,0,0,236
219432,219431,0,0,270
219521,219524,0,0,736
219524,219521,0,0,589
219524,227106,0,0,464
219525,218600,0,0,787
219563,219203,0,0,150
219609,42251,0,0,468
219610,219611,0,0,516
219611,219610,0,0,438
219784,42274,0,0,460
220086,210136,0,0,696
220087,220088,0,0,650
220088,220087,0,0,450
220092,209731,0,0,873
220279,209687,0,0,580
220614,42030,0,0,801
220614,227103,0,0,685
220614,227957,0,0,289
220643,228694,0,0,820
220780,219192,0,0,470
220796,220797,0,0,3370
223684,240460,0,0,311
223989,223990,0,0,3222
225717,227028,0,0,641
226140,310279,0,0,2791
226156,50357,0,0,3974
226186,310589,0,0,3388
226221,226225,0,0,629
226225,226221,0,0,464
226226,226301,0,0,305
226229,226230,0,0,455
226230,226229,0,0,340
226232,227678,0,0,197
226233,226235,0,0,397
226235,226233,0,0,346
226239,226240,0,0,433
226240,226239,0,0,422
226243,226245,0,0,508
226245,226243,0,0,403
226257,41055,0,0,250
226257,41056,0,0,480
226257,239494,0,0,290
226267,42825,0,0,400
226268,42822,0,0,600
226269,226270,0,0,210
226270,226269,0,0,410
226301,226226,0,0,340
226432,227558,0,0,390
226441,226442,0,0,662
226442,226441,0,0,785
226545,226547,0,0,401
226547,226545,0,0,335
226548,226550,0,0,310
226550,226548,0,0,350
226759,41976,0,0,680
227103,220614,0,0,747
227106,219524,0,0,425
227221,227222,0,0,1132
227340,227506,0,0,240
227341,227342,0,0,282
227342,227341,0,0,251
227442,226268,0,0,580
227461,65574,0,0,2195
227506,227340,0,0,281
227506,228050,0,0,275
227558,226432,0,0,311
227668,227670,0,0,355
227670,227668,0,0,348
227672,227674,0,0,216
227674,227672,0,0,193
227678,226232,0,0,152
227957,220614,0,0,195
227970,225931,0,0,575
228050,227506,0,0,287
228083,239494,0,0,470
228110,228376,0,0,350
228529,206879,0,0,2528
228694,220643,0,0,380
228887,40214,0,0,1096
238035,223976,0,0,2427
239494,42451,0,0,490
239494,226257,0,0,230
239494,228083,0,0,670
240460,223684,0,0,1048
240796,240798,0,0,95
240798,240796,0,0,286
280035,42139,0,0,587
280281,209222,0,0,970
280286,185965,0,0,418
306154,239370,0,0,3881
310135,212699,0,0,850
310274,310276,0,0,3310
310339,50438,0,0,3406
310552,209147,0,0,855
310553,218633,0,0,615
310574,50285,0,0,2965
310590,226100,0,0,2304
