c Emme Module:    2.14(v6070)  Date: 12-02-24 15:46   User: E065/HSL/HRT....te
c Project:        pieni testipankki                                           
c Scenario    1:  pieni testiskenaario                                        
t nodes init
c   Node X-coord   Y-coord   Data1   Data2   Data3 Label
a*     5 25496760  6672947       0       0       0 0005
a*     6 25496699  6673208       0       0       0 0006
a*     7 25496713  6673627       0       0       0 0007
a*  2792 25496187  6672919       0       0       0 0008
a* 16001 25496338  6672630       0       0       0 0009
a* 17000 25495500  6672630       0       0       0 0012
a* 31001 25496474  6672385       0       0       0 0010
a* 31501 25496718  6672571       0       0       0 0011
a      1 25497089  6673245       0       0       0 0001
a      2 25497132  6672893       0       0       0 0002
a      3 25495961  6672287       0       0       0 0003
a      4 25495862  6672673       0       0       0 0004

t links init
c   From     To  Length Modes        Typ Lan VDF   Data1   Data2   Data3
a      5      2   0.29 caf           21 1.0   1    2100     113       0
a      6      1   0.44 caf           21 1.0   1    2100     113       0
a      7      1   0.46 caf           21 1.0   1    2100     113       0
a      1      2   0.40 cbf           21 1.0   1    2100     113       0
a      1      4   0.38 cbf           21 1.0   1    2100     113       0
a      1      6   0.44 caf           21 1.0   1    2100     113       0
a      2      3   0.38 cbf           21 1.0   1    2100     113       0
a      2      5   0.29 caf           21 1.0   1    2100     113       0
a      3      2   0.38 cbf           21 1.0   1    2100     113       0
a      3      4   0.50 cbf           21 1.0   1    2100     113       0
a      1      7   0.46 caf           21 1.0   1    2100     113       0
a      4      1   0.38 cbf           21 1.0   1    2100     113       0
a      4      2   0.60 cbf           21 1.0   1    2100     113       0
a      4      3   0.50 cbf           21 1.0   1    2100     113       0
a   2792      4   0.29 caf           21 1.0   1    2100     113       0
a      4   2792   0.29 caf           21 1.0   1    2100     113       0
a  16001      4   0.29 caf           21 1.0   1    2100     113       0
a      4  16001   0.29 caf           21 1.0   1    2100     113       0
a  17000      4   0.29 caf           21 1.0   1    2100     113       0
a      4  17000   0.29 caf           21 1.0   1    2100     113       0
a  31001      3   0.29 caf           21 1.0   1    2100     113       0
a      3  31001   0.29 caf           21 1.0   1    2100     113       0
a  31501      2   0.29 caf           21 1.0   1    2100     113       0
a      2  31501   0.29 caf           21 1.0   1    2100     113       0
