c Emme Module:    2.31(v15523)  Date: 18-12-13 12:39   User: E065/HSL/HRT...meq
c Project:        UUSI EMMEVERKKO 2016                                        
c Scenario 1104:  Nykytila S2018 16.8.2018 Ramboll muutoksia                  
t turns init
a 40194  40193  67116     0 
a 40194  67116  67116    -1 
a 40236 191041  40237     0 
a 40239  40241  40240     0 
a 40239  40241 190858     0 
a 40239 190858  40240     0 
a 40240  40239 190858     0 
a 40241 190858  40239     0 
a 40247  40246  40245     0 
a 40248  40243  40244     0 
a 40256  40253  40258     0 
a 40256  40253  40265     0 
a 40257  40262  40254     0 
a 40278  40283  40282     0 
a 40279  40281  40285     0 
a 40307 240222  40306     0 
a 40332 237971 237972     0 
a 40335 195660 196938     0 
a 40339  40340 195595     0 
a 40339  40340 195601     0 
a 40339 195595 195601     0 
a 40341 220256 218703     0 
a 40349 202526 199884     0 
a 40355  58134  50122     0 
a 40360 216207 216023     0 
a 40368 191241 215477     0 
a 40372 300052 300051     0 
a 40381 211780 211780    -1 
a 40381 212380 211780     0 
a 40381 212867 212867    -1 
a 40382 227028 227645     0 
a 40382 227031 227645     0 
a 40384  41775  41776     0 
a 40384 227683 228533     0 
a 40409 205316 212658     0 
a 40410  40411 199444     0 
a 40410 199444 199549     0 
a 40417 202335 205293     0 
a 40417 205293 201204     0 
a 40419 243035 205069     0 
a 40420 203824 200015     0 
a 40434  50256  50262     0 
a 40435  40433  40436     0 
a 40440  40442  42971     0 
a 40441  50233  42972     0 
a 40455  40454 199989     0 
a 40459 204334 200453     0 
a 40683  40685  40688     0 
a 40684  40686  40687     0 
a 40685  40688  40683     0 
a 40686  40687  40684     0 
a 40687  40684  40686     0 
a 40688  40683  40685     0 
a 40690  40694  40693     0 
a 40691  40696  40693     0 
a 40693  40690  40694     0 
a 40694  40693  40690     0 
a 40696  40699  40691     0 
a 41042  41041  58159     0 
a 44152  50243  42978     0 
a 44238  42977  40431     0 
a 47866  47867  47869     0 
a 47867  47869  47866     0 
a 47869  47866  47867     0 
a 47948  47911  47909     0 
a 48099  50266 280237     0 
a 49287  50276  50274     0 
a 49304  50264  42965     0 
a 49305  49310  42964     0 
a 49580  50259  49287     0 
a 50024  50143  50144     0 
a 50987  50986  66950     0 
a 50988  40193  66855     0 
a 50988  40193  67116     0 
a 50988  67116  66855     0 
a 51181  51617  51180     0 
a 51427  50057  51428     0 
a 52823  40443  40442     0 
a 58134  58142  53836     0 
a 58136 280311  58140     0 
a 58150  58149 280234     0 
a 58152  58151  58157     0 
a 58153  58165  58637     0 
a 58166  59936  58167     0 
a 58926  58925  60761     0 
a 60761  58925  58926     0 
a 62914  62989  63382     0 
a 65227  42950  65575     0 
a 66811  50024  66031     0 
a 66811  64304  50024     0 
a 66811  64304  66031     0 
a 67116  50988  66855     0 
a 81820  81819 280261     0 
a 84023  83958  42935     0 
a 91740  91739  92274     0 
a121047 121048 140518     0 
a127383 127384 127495     0 
a127500  40358 121684     0 
a127500 127499 127386     0 
a127753 127752  86768     0 
a129044 121216 129045     0 
a130332 130329 132899     0 
a130332 130344 132419     0 
a130332 132419 132899     0 
a130455 131905 131911     0 
a131905  50387 131911     0 
a131905 131911 130455     0 
a132419 130332 132532     0 
a132419 132898 130332     0 
a132420 130329 132899     0 
a132420 132898 130329     0 
a132899 130332 132420     0 
a136510 136512 136603     0 
a136600 136603 136605     0 
a136605 136600 136603     0 
a140510  50092  50102     0 
a140510  50092 140511     0 
a140510 140511  50102     0 
a140511 140510 141863     0 
a140511 141862 140510     0 
a140511 141862 141863     0 
a140518 140759 121047     0 
a141862  50104 140511     0 
a141863 140511  50092     0 
a151278 130252 127760     0 
a153520  40692  40697     0 
a153520  40697 158005     0 
a160938  50459 160937     0 
a160938 160937  50457     0 
a161395 161408 163146     0 
a161395 280266 161408     0 
a161395 280266 163146     0 
a161400 166595 166048     0 
a161908 161907  40532     0 
a161941 161942 171428     0 
a161941 162158 161942     0 
a162123  43299 162125     0 
a162123 162125 171429     0 
a162653 162652 174501     0 
a162653 174500 162652     0 
a162926 164206 162927     0 
a163130 163131 167027     0 
a163147 280267 163146     0 
a164206 162927 162926     0 
a165470 165469 165468     0 
a165677 165915 166595     0 
a165914 166048 166595     0 
a165915 165914 165677     0 
a166048 161400 165914     0 
a166453 166460 165802     0 
a166453 166676 165802     0 
a166453 166676 166460     0 
a166460 165925 165801     0 
a166460 165925 166453     0 
a166460 166453 165801     0 
a166595 165677 165914     0 
a168586 181153 168587     0 
a168587 181153 168586     0 
a169788  40531 170337     0 
a172167  42933 173625     0 
a172496 172495 174029     0 
a172496 172495 174030     0 
a172496 174029 174030     0 
a173713 280268  50078     0 
a174541  42934 172167     0 
a174608 174541 173759     0 
a175986  42892 280220     0 
a175986 175943  42892     0 
a175986 175943 280220     0 
a176644 178278 183199     0 
a177379 177378 181260     0 
a178235 183439  40503     0 
a179244 183601 280269     0 
a181153 168586 168587     0 
a181829 181828 183533     0 
a181829 182511 181828     0 
a181829 182511 183533     0 
a182314 178235 180866     0 
a182314 180866 182315     0 
a182314 180866 280325     0 
a182314 182315 280325     0 
a182314 280325 178235     0 
a182314 280325 180866     0 
a185965 280286 185969     0 
a186651 185982 185978     0 
a187155 197090 243058     0 
a187155 243058 187156     0 
a187615 305001 208153     0 
a190858  40239  40241     0 
a190858  40240  40239     0 
a190858  40240  40241     0 
a191041  40236  40237     0 
a191041 191068  40237     0 
a191042 191077 191076     0 
a191241 215477  40368     0 
a191566 191490 191491     0 
a191566 191491  40367     0 
a195540 197595 195541     0 
a195595  40339 195601     0 
a195595  40340  40339     0 
a195595  40340 195594     0 
a195595 195594 195601     0 
a195659 196938 195660     0 
a195660  40335 196938     0 
a195660 196938 195659     0 
a196179 196181 198838     0 
a196179 198916 196178     0 
a196181 197069 198839     0 
a196181 198838 196179     0 
a196928 197011 196929     0 
a196928 197011 197098     0 
a196928 197098 196929     0 
a196938  40335 195659     0 
a196938  40335 195660     0 
a196938 195660 195659     0 
a196992 197052 196993     0 
a197002 197767 197003     0 
a197011 197010 196928     0 
a197011 197010 197097     0 
a197011 197097 196928     0 
a197016 197015 197096     0 
a197016 197015 198910     0 
a197016 197096 198910     0 
a197017 198453 197071     0 
a197030 198688 198875     0 
a197030 218451 198875     0 
a197069 198837 196181     0 
a197069 198837 198839     0 
a197071 198453 197017     0 
a197096 197015 197016     0 
a197096 197015 198910     0 
a197096 197016 198910     0 
a197097 197010 197011     0 
a197102 196988 197030     0 
a197406 197405 197559     0 
a197554 197102 197555     0 
a197605 310078 187157     0 
a197671  40663 280173     0 
a198453 197071 197017     0 
a198579 198902 197524     0 
a198838 196179 196181     0 
a198838 198836 198837     0 
a198880 197558  40336     0 
a198902 198579 197524     0 
a198912 198814 198815     0 
a198923 197018  40477     0 
a198923 310488 197018     0 
a199087 199090 199086     0 
a199087 199090 199089     0 
a199087 199234 199086     0 
a199091 199090 199089     0 
a199101 201739 199100     0 
a199121 199993 199120     0 
a199121 199993 199122     0 
a199125 204317 199981     0 
a199234 199087 199086     0 
a199235 199086 199090     0 
a199278 199935 213771     0 
a199304  40414 199307     0 
a199304 199526 199303     0 
a199314 199772 199315     0 
a199314 204878 199313     0 
a199453 199452 222046     0 
a199453 222047 199452     0 
a199453 222047 221596     0 
a199475 199476 200034     0 
a199476 199475 200034     0 
a199477 200036 199478     0 
a199478 200036 199477     0 
a199481 199479 199482     0 
a199526 199527 205224     0 
a199591 199590 199446     0 
a199591 199590 204874     0 
a199591 204874 199446     0 
a199591 204874 199590     0 
a199599  42106 199598     0 
a199599 199439 199896     0 
a199599 199896  42106     0 
a199693 280256 199662     0 
a199696 201498 204244     0 
a199696 204244 201498     0 
a199735 199733 212296     0 
a199737
a199834 199833 204876     0 
a199834 199835 199772     0 
a199843 199845 205056     0 
a199843 205055 199845     0 
a199854  50176 199856     0 
a199879 199964 199880     0 
a199879 199987 199880     0 
a199879 199987 199964     0 
a199884 199104 201517     0 
a199884 201517  40349     0 
a199885 199886 203710     0 
a199886 199885 200255     0 
a199887  40406 202581     0 
a199887 199886 202520     0 
a199887 202520  40406     0 
a199887 202520 202581     0 
a199887 202581 199886     0 
a199887 202581 202520     0 
a199890 202114 201766     0 
a199892 199891 199893     0 
a199892 199891 221540     0 
a199892 221540 199893     0 
a199926 199925 201343     0 
a199926 199925 214265     0 
a199926 214265 201343     0 
a199928  50132 199929     0 
a199940 280200 199942     0 
a199946 199947 221797     0 
a199964 199920 220977     0 
a199973  40388 199975     0 
a199973 199991  40388     0 
a199973 199991 199975     0 
a199981 204316 199980     0 
a199988 213771 199989     0 
a200015  40420 203824     0 
a200079 200078 200155     0 
a200079 200080 200155     0 
a200079 200155 200080     0 
a200079 203231 200078     0 
a200109 200236  40380     0 
a200210 200211 200209     0 
a200230 200231 205057     0 
a200255 199886 199885     0 
a200276 201306 200278     0 
a200539 200541 221504     0 
a200541 221503 200539     0 
a200541 221503 221504     0 
a200541 221504 200539     0 
a200696 204342 200697     0 
a200839 200838 201952     0 
a200839 200838 212418     0 
a200839 200840 201952     0 
a200839 212418 200840     0 
a201035 200717 204684     0 
a201035 201204 200717     0 
a201035 204684 200417     0 
a201074 201075 201952     0 
a201204 200418  40417     0 
a201204 201035 200418     0 
a201261  40402 201262     0 
a201261  42108  40402     0 
a201261 201262 240843     0 
a201261 240843  42108     0 
a201305 201306 200278     0 
a201381 200188 201254     0 
a201381 201254 201383     0 
a201490 203231 280317     0 
a201517 199259 199260     0 
a201517 199260 199259     0 
a201517 214271 200180     0 
a201580 213509 200767     0 
a201739 199101 199882     0 
a201766 201767 199890     0 
a201921  40512  40447     0 
a201952 200839 201953     0 
a202335  40417 200419     0 
a202408 204949 204631     0 
a202424 202425 203817     0 
a202427 221965 202428     0 
a202506 204232 202507     0 
a202519 200178 200824     0 
a202519 200178 202520     0 
a202519 200824 202520     0 
a202519 202520 200178     0 
a202519 202520 202992     0 
a202519 202992 200178     0 
a202572 202800 202573     0 
a202572 203690 202573     0 
a202613 202612 202614     0 
a202613 202614 201026     0 
a202694 200740 202693     0 
a202694 200740 225872     0 
a202694 202693 200740     0 
a202694 202693 240844     0 
a202694 240844 200740     0 
a202780  40390 202782     0 
a202800 202573 202572     0 
a202970 202969 310598     0 
a202992 199260 200179     0 
a202992 202519 202520     0 
a203322 204064 203323     0 
a203326 203323 212298     0 
a203824 200015  40420     0 
a203855 200215 199662     0 
a204064 280342 200487     0 
a204170 204298 204171     0 
a204170 204298 211883     0 
a204170 211883 204171     0 
a204267 204863 204864     0 
a204316 199981 204317     0 
a204334  40459 200453     0 
a204341 200822 200821     0 
a204343 200697 204342     0 
a204517 204518 200002     0 
a204518 200002 204517     0 
a204518 204705 200002     0 
a204523 204524 204684     0 
a204523 204684 204524     0 
a204860  42394 221710     0 
a204870 204869 205038     0 
a204891 208178 222191     0 
a204891 221943 221943    -1 
a204925 200056 202955     0 
a204925 222673 222693     0 
a204952  42094  43565     0 
a204952 221036 213888     0 
a205070  40419  40273     0 
a205090 201026 201027     0 
a205090 204855 201026     0 
a205090 204855 201027     0 
a205159 205158 205160     0 
a205159 205158 211883     0 
a205159 211883 205160     0 
a205215 202965 300027     0 
a205215 300027 202965     0 
a205257  40422 208140     0 
a205258 200231 205259     0 
a205259 212301 199937     0 
a205276 201076 212418     0 
a205276 212418 201076     0 
a205277 202575 202800     0 
a205277 205276 202575     0 
a205311 205312  42901     0 
a205317  40407 214138     0 
a205317 212654 212627     0 
a205610  42659 220000     0 
a205610 205962  42659     0 
a205883  41855 205893     0 
a205883  41856 205882     0 
a205883 205882 205893     0 
a205883 205893  41856     0 
a205883 205893 205882     0 
a205888 205887 280241     0 
a205889 205592 205947     0 
a205952 205592 280242     0 
a205962 205610 205960     0 
a205962 205960  42662     0 
a205965 205887 205613     0 
a206880 208001 205917     0 
a207524 208662 208499     0 
a207524 209740 208499     0 
a207524 209740 208662     0 
a208001  40299 205917     0 
a208001 206880 205917     0 
a208035 209604 206398     0 
a208504 209698 209699     0 
a208539 208745 208829     0 
a208643 228891 208644     0 
a208662 207524 209023     0 
a208662 209740 207524     0 
a208662 209740 209023     0 
a208692 209498 209497     0 
a208911 208338 210174     0 
a208925 208924 219779     0 
a208956 209526 208957     0 
a209398 209397 219422     0 
a209498 206880 280226     0 
a209498 209497 208692     0 
a209498 280226 208692     0 
a209498 280226 209497     0 
a209553 310284 310283     0 
a209604 206398 208035     0 
a209699 209698 209797     0 
a209797 209699 209798     0 
a210576 238904 223316     0 
a210880 210881 225693     0 
a210880 225694 210881     0 
a210964 212733 210965     0 
a211290 213062 213063     0 
a211410  40405  42202     0 
a211410  42202 212406     0 
a211412 211411 202428     0 
a211415 204346 211416     0 
a211415 211414 204346     0 
a211415 211416 221132     0 
a211415 221132 211414     0 
a211417 214182 211416     0 
a211419 212394 211421     0 
a211423 211421 199736     0 
a211427 201374 211428     0 
a211427 211425 201374     0 
a211434 213893 213115     0 
a211435 214166 213240     0 
a211678 213879 213714     0 
a211683 210957 204862     0 
a212134 240774  40469     0 
a212270 212271 213633     0 
a212296 200020 199735     0 
a212370 310381 212371     0 
a212371 212372 300043     0 
a212372 300043 212371     0 
a212373 310378 300044     0 
a212396 212395 212512     0 
a212396 212480 212397     0 
a212435  42069 212434     0 
a212435 212434 240846     0 
a212435 212437  42069     0 
a212438 240749 212437     0 
a212523 213563 212524     0 
a212627 205317 213386     0 
a212658 204024 204025     0 
a212658 205316  40409     0 
a212659  42091 200175     0 
a212659 214274 203102     0 
a212661 212729 202524     0 
a212699 212698 225698     0 
a212699 310135 212698     0 
a212714 222561 212715     0 
a212768 221772 212303     0 
a212919 204557 212920     0 
a212987 212985 213195     0 
a213094 201151 213095     0 
a213094 225720 199947     0 
a213094 225720 310371     0 
a213094 310371 199947     0 
a213094 310371 213095     0 
a213205 211563 202543     0 
a213377 213205 204022     0 
a213673 214159 213674     0 
a213737 214122 213481     0 
a213771  40455 199278     0 
a213771 199988  40455     0 
a213872 200115 200114     0 
a213879 213714 211678     0 
a213879 214161 211678     0 
a213879 214161 213714     0 
a213936  40475  40474     0 
a213936  40475 205306     0 
a213936 205306  40474     0 
a214024 208140 208141     0 
a214161 213714 213879     0 
a214185  40513 214184     0 
a214185 214184 225687     0 
a214471 230119 214472     0 
a215471 191071 191072     0 
a215471 215020 191071     0 
a215477  40368 215486     0 
a215477 191241  40368     0 
a215486 215498 215477     0 
a215498  40368 215486     0 
a216207  50467 216023     0 
a216207 216023  40360     0 
a216287 216364 216110     0 
a216289 216300  40624     0 
a216818 217657 217820     0 
a216945 216946 216797     0 
a216946 216945 216797     0 
a216946 217141 216797     0 
a216947 217330 217173     0 
a217051 217253 217254     0 
a217991 223538 217992     0 
a218090 218088 220321     0 
a218851 209669 209515     0 
a218895 208847 208848     0 
a218895 227022 218896     0 
a218953
a219339 219088 219340     0 
a219339 219088 220130     0 
a219339 219703 219340     0 
a219422 209397 209398     0 
a219499 219498 220256     0 
a219507 205969 219508     0 
a219509 205936 219508     0 
a219594 208549 208432     0 
a219684 185957 280219     0 
a219703 219339 219340     0 
a219807 207999 207540     0 
a219998  42649 208035     0 
a219998  42650  42649     0 
a220130 219088 219339     0 
a220224 185956 185960     0 
a220256 219498 219499     0 
a220351 219499 280315     0 
a220810 220722 219114     0 
a221036 204952 203962     0 
a221121 221122 222408     0 
a221129 214180 204678     0 
a221161 310430 280287     0 
a221161 310430 280288     0 
a221248 221247 222686     0 
a221248 221256 221191     0 
a221503 221504 200541     0 
a221504 200541 200539     0 
a221504 221503 200541     0 
a221540 199891 199892     0 
a221540 199892 199893     0 
a221778  40473  40475     0 
a221797 199947 199946     0 
a221797 199947 204624     0 
a221797 280208 204624     0 
a221797 280208 240755     0 
a221860 212442 221861     0 
a222408 221121 222461     0 
a222710 222711 222744     0 
a222711 222710 222744     0 
a222711 222736 222744     0 
a222766 230341  40649     0 
a223462 220176  41685     0 
a223537 223536 280279     0 
a226441 226440 228261     0 
a226469 226468  42441     0 
a226469 228270 226468     0 
a226680 227473 240807     0 
a226748  50337 228812     0 
a227031  40382 227645     0 
a227387 226103 226102     0 
a227400 227927  42015     0 
a227683  40384 228533     0 
a227683 227286 228533     0 
a227788 228919 227789     0 
a228227 226188 228570     0 
a228227 228588 228570     0 
a228586 310281 310282     0 
a228588 228227 228570     0 
a228684  40622  40621     0 
a230119 214471 214472     0 
a230119 214512 214472     0 
a230963  50298 231630     0 
a230963 231483 231630     0 
a231483 230963 280239     0 
a231565  50321  50301     0 
a235313 235315 238616     0 
a235313 236804 238616     0 
a235315 235313 238616     0 
a235509 236897 238788     0 
a237170 237972 237708     0 
a237708 237170 237972     0 
a237919 236687 236689     0 
a237971 237972  40332     0 
a238704 280212 235313     0 
a238904 224389 210576     0 
a240193 310410 240222     0 
a240207 280134 280135     0 
a240437 310412 310413     0 
a280001 280301 280300     0 
a280012 280010 280014     0 
a280013 280015 280009     0 
a280035 280034  42149     0 
a280036 209052 280033     0 
a280083 280068 280069     0 
a280084 280073 280072     0 
a280091 183984  40326     0 
a280092  40325  40328     0 
a280096 228897 280103     0 
a280097 280104  41935     0 
a280123 280122 182312     0 
a280128 182562 182534     0 
a280129  40312  40315     0 
a280130 280133  40504     0 
a280131  40309  40505     0 
a280137 280138 280135     0 
a280139  40507 280142     0 
a280141 280139 280142     0 
a280168 280176  40666     0 
a280169 280175  40665     0 
a280214 236323 280213     0 
a280221  42892 280222     0 
a280221 280223  42892     0 
a280221 280223 280222     0 
a300001 300002 300000     0 
a300001 300004 280265     0 
a300008 166155 300007     0 
a300009 300006 280264     0 
a300014 300013  42916     0 
a300015  42917 300012     0 
a300018 300021  50482     0 
a300022 300017 300020     0 
a300031 200530 300030     0 
a300031 300028 200530     0 
a300031 300028 300030     0 
a300032 200530 300028     0 
a300032 300030 200530     0 
a300032 300030 300028     0 
a300036 300038 300041     0 
a300036 300040 300038     0 
a300036 300040 300041     0 
a300038 300036 300040     0 
a300038 300041 300036     0 
a300038 300041 300040     0 
a300040 300038 300036     0 
a300041 300036 300038     0 
a300044 212373  50155     0 
a300049 300051 225717     0 
a300050 225931 300049     0 
a300050 225931 300053     0 
a300050 280335 280335    -1 
a300050 300053 300053    -1 
a305003 305000 305002     0 
a306160 221076  42856     0 
a306162 222663  42855     0 
a310401 210584 210816     0 
a310402 310417 310418     0 

